0.336726 0.022448 28.000000 0.000000 0.000000 0.000000
0.092945 -0.031747 52.000000 0.000000 1.000000 1.000000
0.048296 -0.030238 62.000000 0.000000 2.000000 2.000000
0.044269 -0.053123 40.000000 1.000000 1.000000 0.000000
0.043197 -0.010582 72.000000 1.000000 1.000000 2.000000
0.027212 -0.015553 68.000000 1.000000 2.000000 3.000000
0.022448 -0.004098 58.000000 2.000000 2.000000 4.000000
0.022448 -0.026831 42.000000 2.000000 2.000000 0.000000
0.022448 -0.022538 68.000000 1.000000 2.000000 1.000000
0.022448 -0.007376 82.000000 2.000000 2.000000 2.000000
0.019999 -0.017887 20.000000 4.000000 0.000000 4.000000
0.016664 -0.031938 36.000000 3.000000 0.000000 3.000000
0.016653 -0.009659 48.000000 1.000000 3.000000 2.000000
0.014504 -0.003418 24.000000 2.000000 3.000000 5.000000
0.014342 -0.017565 32.000000 3.000000 1.000000 4.000000
0.014083 -0.014636 16.000000 3.000000 3.000000 0.000000
0.012470 -0.009659 44.000000 3.000000 2.000000 1.000000
0.011662 -0.002424 32.000000 3.000000 3.000000 2.000000
0.011662 -0.007376 48.000000 2.000000 3.000000 3.000000
0.011565 0.005172 8.000000 3.000000 3.000000 6.000000
0.011219 -0.003831 12.000000 2.000000 4.000000 6.000000
0.011009 -0.014770 16.000000 4.000000 1.000000 5.000000
0.010690 0.000255 6.000000 4.000000 4.000000 0.000000
0.009481 0.006477 4.000000 3.000000 4.000000 7.000000
0.008907 -0.003549 16.000000 3.000000 4.000000 1.000000
0.008907 -0.011109 28.000000 1.000000 4.000000 3.000000
0.008639 -0.004098 32.000000 2.000000 4.000000 2.000000
0.008008 0.000093 12.000000 4.000000 4.000000 2.000000
0.008008 -0.008008 26.000000 2.000000 4.000000 4.000000
0.007999 0.007999 2.000000 4.000000 4.000000 8.000000
0.007133 -0.000151 24.000000 3.000000 3.000000 4.000000
0.007133 -0.001189 20.000000 3.000000 4.000000 3.000000
0.006236 0.000132 12.000000 4.000000 4.000000 4.000000
0.005031 0.000291 12.000000 4.000000 3.000000 5.000000
0.004789 0.000476 6.000000 4.000000 4.000000 6.000000
