# Number of faint BGS galaxies (19.5 < r_DECaLS < 20.0) per square degree
# from v0.0.4 of MXXL HOD mock
# z_low z_high N
0.00 0.01 0.0150
0.01 0.02 0.3734
0.02 0.03 0.5755
0.03 0.04 1.0399
0.04 0.05 1.4700
0.05 0.06 2.0258
0.06 0.07 2.5936
0.07 0.08 3.1161
0.08 0.09 3.6822
0.09 0.10 4.4597
0.10 0.11 5.8661
0.11 0.12 7.5970
0.12 0.13 8.2443
0.13 0.14 8.7328
0.14 0.15 10.5303
0.15 0.16 12.0260
0.16 0.17 14.0783
0.17 0.18 15.2222
0.18 0.19 16.1878
0.19 0.20 17.0887
0.20 0.21 18.5654
0.21 0.22 18.8745
0.22 0.23 19.6560
0.23 0.24 20.9871
0.24 0.25 20.9463
0.25 0.26 22.6029
0.26 0.27 23.1443
0.27 0.28 23.7739
0.28 0.29 23.6051
0.29 0.30 24.3250
0.30 0.31 24.1648
0.31 0.32 24.1664
0.32 0.33 23.2385
0.33 0.34 22.9125
0.34 0.35 22.2617
0.35 0.36 22.2334
0.36 0.37 21.5299
0.37 0.38 20.4386
0.38 0.39 19.3038
0.39 0.40 18.2476
0.40 0.41 16.9361
0.41 0.42 15.3672
0.42 0.43 13.8844
0.43 0.44 12.7245
0.44 0.45 11.7261
0.45 0.46 10.4381
0.46 0.47 9.2459
0.47 0.48 7.6949
0.48 0.49 6.6474
0.49 0.50 5.4896
0.50 0.51 4.5322
0.51 0.52 3.6985
0.52 0.53 2.9156
0.53 0.54 2.2678
0.54 0.55 1.7489
0.55 0.56 1.3294
0.56 0.57 1.0432
0.57 0.58 0.7868
0.58 0.59 0.5996
0.59 0.60 0.4557
