# Number of bright BGS galaxies (r_DECaLS < 19.5) per square degree
# from v0.0.4 of MXXL HOD mock
# z_low z_high N
0.00 0.01 0.3626
0.01 0.02 2.9682
0.02 0.03 3.8732
0.03 0.04 6.5873
0.04 0.05 8.7145
0.05 0.06 11.2942
0.06 0.07 13.5725
0.07 0.08 15.9918
0.08 0.09 18.7336
0.09 0.10 20.4077
0.10 0.11 23.6358
0.11 0.12 28.1558
0.12 0.13 28.2697
0.13 0.14 27.8946
0.14 0.15 31.1680
0.15 0.16 32.3255
0.16 0.17 34.5791
0.17 0.18 34.1914
0.18 0.19 33.2459
0.19 0.20 32.3331
0.20 0.21 32.9166
0.21 0.22 31.3328
0.22 0.23 30.4604
0.23 0.24 30.3111
0.24 0.25 28.2653
0.25 0.26 28.5786
0.26 0.27 27.2573
0.27 0.28 26.2022
0.28 0.29 24.2508
0.29 0.30 23.3015
0.30 0.31 21.4249
0.31 0.32 20.0524
0.32 0.33 17.7773
0.33 0.34 16.2230
0.34 0.35 14.5693
0.35 0.36 13.4700
0.36 0.37 12.0654
0.37 0.38 10.5017
0.38 0.39 9.0680
0.39 0.40 7.8669
0.40 0.41 6.6435
0.41 0.42 5.4291
0.42 0.43 4.4452
0.43 0.44 3.7007
0.44 0.45 3.0598
0.45 0.46 2.4566
0.46 0.47 1.9655
0.47 0.48 1.4114
0.48 0.49 1.0475
0.49 0.50 0.7607
0.50 0.51 0.5664
0.51 0.52 0.3987
0.52 0.53 0.2713
0.53 0.54 0.1840
0.54 0.55 0.1263
0.55 0.56 0.0820
0.56 0.57 0.0591
0.57 0.58 0.0386
0.58 0.59 0.0250
0.59 0.60 0.0180
