1.000000000000000000e+01 0.000000000000000000e+00 0.000000000000000000e+00 0.000000000000000000e+00 0.000000000000000000e+00 2.475156691544443295e-08 -5.154622388647833731e-09 2.053175338079249457e-08 0.000000000000000000e+00 -3.346902923530741317e-10 -1.457705484098070770e-07
3.500000000000000000e+01 0.000000000000000000e+00 0.000000000000000000e+00 0.000000000000000000e+00 0.000000000000000000e+00 1.893781355691293022e-08 -7.221762250708696484e-09 1.647699988602258081e-08 0.000000000000000000e+00 -2.354012303010591389e-08 -1.324101418787027029e-07
6.000000000000000000e+01 0.000000000000000000e+00 0.000000000000000000e+00 0.000000000000000000e+00 0.000000000000000000e+00 1.886137730375270216e-08 3.155245162367315004e-09 1.517883041479706208e-08 0.000000000000000000e+00 -2.853498145237443051e-08 -1.192930303151040761e-07
8.500000000000000000e+01 0.000000000000000000e+00 0.000000000000000000e+00 0.000000000000000000e+00 0.000000000000000000e+00 2.150189748473252394e-08 5.148442436264666355e-09 1.559017671903806246e-08 0.000000000000000000e+00 -4.071642654111806703e-08 -1.044208122746859146e-07
1.100000000000000000e+02 0.000000000000000000e+00 0.000000000000000000e+00 0.000000000000000000e+00 0.000000000000000000e+00 1.875740231541134229e-08 7.699244887471312637e-09 1.703324981061626886e-08 0.000000000000000000e+00 -4.950927905492119585e-08 -9.198848280322913240e-08
1.350000000000000000e+02 0.000000000000000000e+00 0.000000000000000000e+00 0.000000000000000000e+00 0.000000000000000000e+00 1.600900401826921282e-08 1.204624507783469411e-08 1.346720044509419623e-08 0.000000000000000000e+00 -5.281839961061851607e-08 -8.289896546997965743e-08
1.600000000000000000e+02 0.000000000000000000e+00 0.000000000000000000e+00 0.000000000000000000e+00 0.000000000000000000e+00 1.541919803643709841e-08 1.288915805683354954e-08 1.197826560161985299e-08 0.000000000000000000e+00 -5.403945520232600330e-08 -6.903418808823502673e-08
1.850000000000000000e+02 0.000000000000000000e+00 0.000000000000000000e+00 0.000000000000000000e+00 0.000000000000000000e+00 1.587532189040175012e-08 1.236315737285220706e-08 1.214534115639986922e-08 0.000000000000000000e+00 -5.510208175157904620e-08 -5.555430247772275010e-08
2.100000000000000000e+02 0.000000000000000000e+00 0.000000000000000000e+00 0.000000000000000000e+00 0.000000000000000000e+00 1.427677420728912239e-08 1.093569679255779192e-08 1.341624294298737752e-08 0.000000000000000000e+00 -5.351806237757772422e-08 -4.385836312181812247e-08
2.350000000000000000e+02 0.000000000000000000e+00 0.000000000000000000e+00 0.000000000000000000e+00 0.000000000000000000e+00 1.034773395441890287e-08 1.003602582982932034e-08 1.461526212553909687e-08 0.000000000000000000e+00 -5.119342449955155416e-08 -3.333422947393582803e-08
2.600000000000000000e+02 0.000000000000000000e+00 0.000000000000000000e+00 0.000000000000000000e+00 0.000000000000000000e+00 1.101549407245272505e-08 5.290798181512013088e-09 9.532847601578797736e-09 0.000000000000000000e+00 -4.587530442329290636e-08 -2.509212455870102332e-08
2.850000000000000000e+02 0.000000000000000000e+00 0.000000000000000000e+00 0.000000000000000000e+00 0.000000000000000000e+00 8.194833700514436714e-09 4.498246393425109346e-09 1.127846730938908415e-08 0.000000000000000000e+00 -4.006528182137758520e-08 -1.813067924960609645e-08
3.100000000000000000e+02 0.000000000000000000e+00 0.000000000000000000e+00 0.000000000000000000e+00 0.000000000000000000e+00 4.615557068488040926e-09 2.279806118193894449e-09 1.034895368186294906e-08 0.000000000000000000e+00 -3.208701750481712800e-08 -1.426116169600533112e-08
3.350000000000000000e+02 0.000000000000000000e+00 0.000000000000000000e+00 0.000000000000000000e+00 0.000000000000000000e+00 7.982980596010769148e-10 1.359047423210579808e-09 9.680570147579947715e-09 0.000000000000000000e+00 -2.420131694873262074e-08 -7.683889874203486681e-09
3.600000000000000000e+02 0.000000000000000000e+00 0.000000000000000000e+00 0.000000000000000000e+00 0.000000000000000000e+00 1.740808560669881988e-09 -4.201825519467572434e-10 9.345307730793117607e-09 0.000000000000000000e+00 -1.670530575849371591e-08 -6.355186559295344928e-09
3.850000000000000000e+02 0.000000000000000000e+00 0.000000000000000000e+00 0.000000000000000000e+00 0.000000000000000000e+00 1.151314286962357158e-09 -2.122190227368814242e-09 8.524268530624157236e-09 0.000000000000000000e+00 -1.059642282773276545e-08 -5.377724090691038406e-09
4.100000000000000000e+02 0.000000000000000000e+00 0.000000000000000000e+00 0.000000000000000000e+00 0.000000000000000000e+00 1.620231726562337826e-09 -5.111294959329881760e-09 8.308810453896975368e-09 0.000000000000000000e+00 -4.217973355574028416e-09 -6.703364534461908608e-09
4.350000000000000000e+02 0.000000000000000000e+00 0.000000000000000000e+00 0.000000000000000000e+00 0.000000000000000000e+00 1.430469241323062413e-11 -6.051555740890779411e-09 7.721010246083959139e-09 0.000000000000000000e+00 2.279250464580495628e-09 -7.134118057590399520e-09
4.600000000000000000e+02 0.000000000000000000e+00 0.000000000000000000e+00 0.000000000000000000e+00 0.000000000000000000e+00 8.323149027628096164e-10 -6.355200111822500997e-09 7.097675312067730502e-09 0.000000000000000000e+00 6.324415546387490705e-09 -7.585281686615930052e-09
4.850000000000000000e+02 0.000000000000000000e+00 0.000000000000000000e+00 0.000000000000000000e+00 0.000000000000000000e+00 3.061448121920162802e-10 -6.758848580638854298e-09 6.247159365334320480e-09 0.000000000000000000e+00 9.583032609637720522e-09 -8.902099435208199463e-09
5.100000000000000000e+02 0.000000000000000000e+00 0.000000000000000000e+00 0.000000000000000000e+00 0.000000000000000000e+00 3.287165461704488756e-10 -7.405439651254897004e-09 5.824605121135251196e-09 0.000000000000000000e+00 1.238745705404303843e-08 -1.104226031358596094e-08
5.350000000000000000e+02 0.000000000000000000e+00 0.000000000000000000e+00 0.000000000000000000e+00 0.000000000000000000e+00 3.296787755985297608e-10 -6.604363323586825985e-09 5.186511485046063630e-09 0.000000000000000000e+00 1.361354063332542719e-08 -1.203276031331440565e-08
5.600000000000000000e+02 0.000000000000000000e+00 0.000000000000000000e+00 0.000000000000000000e+00 0.000000000000000000e+00 2.880115308571962185e-10 -5.831042571534383878e-09 4.497446794322901287e-09 0.000000000000000000e+00 1.401484451494378058e-08 -1.257692138368488033e-08
5.850000000000000000e+02 0.000000000000000000e+00 0.000000000000000000e+00 0.000000000000000000e+00 0.000000000000000000e+00 4.067926551165612636e-10 -4.449680912361336782e-09 2.706087307360882654e-09 0.000000000000000000e+00 1.325651285792595058e-08 -1.184000271957363903e-08
6.100000000000000000e+02 0.000000000000000000e+00 0.000000000000000000e+00 0.000000000000000000e+00 0.000000000000000000e+00 2.161357030849853089e-10 -3.515539096811404196e-09 1.998496312015374254e-09 0.000000000000000000e+00 1.205678894396211565e-08 -1.088304522455646461e-08
6.350000000000000000e+02 0.000000000000000000e+00 0.000000000000000000e+00 0.000000000000000000e+00 0.000000000000000000e+00 3.751068466256723966e-10 -3.249326805884744651e-09 2.569504938682021233e-09 0.000000000000000000e+00 1.105371219903283908e-08 -1.022521910892804087e-08
6.600000000000000000e+02 0.000000000000000000e+00 0.000000000000000000e+00 0.000000000000000000e+00 0.000000000000000000e+00 2.657921625848214120e-10 -3.659222989720045671e-09 3.236655192993820318e-09 0.000000000000000000e+00 1.046092466122638953e-08 -9.801499347393549666e-09
6.850000000000000000e+02 0.000000000000000000e+00 0.000000000000000000e+00 0.000000000000000000e+00 0.000000000000000000e+00 3.816391647148975608e-11 -3.554997279626298523e-09 4.125904262339274986e-09 0.000000000000000000e+00 9.490631479487643407e-09 -8.934462870056891770e-09
7.100000000000000000e+02 0.000000000000000000e+00 0.000000000000000000e+00 0.000000000000000000e+00 0.000000000000000000e+00 -2.661716333451913385e-10 -3.688116977616784364e-09 5.132274271367476270e-09 0.000000000000000000e+00 8.929177384466024936e-09 -8.621507912968950915e-09
7.350000000000000000e+02 0.000000000000000000e+00 0.000000000000000000e+00 0.000000000000000000e+00 0.000000000000000000e+00 -3.801754917820421298e-10 -4.492947355307086443e-09 6.059429759168455387e-09 0.000000000000000000e+00 8.076628558659204593e-09 -8.060202895746049201e-09
7.600000000000000000e+02 0.000000000000000000e+00 0.000000000000000000e+00 0.000000000000000000e+00 0.000000000000000000e+00 -6.518494511525974033e-10 -4.820288319971194335e-09 6.772062294616021383e-09 0.000000000000000000e+00 7.967219006928261127e-09 -7.924962227255638592e-09
7.850000000000000000e+02 0.000000000000000000e+00 0.000000000000000000e+00 0.000000000000000000e+00 0.000000000000000000e+00 -9.474978310622383937e-10 -5.316995216504694088e-09 8.133874433366439227e-09 0.000000000000000000e+00 6.882623811155230698e-09 -6.812191327525141116e-09
8.100000000000000000e+02 0.000000000000000000e+00 0.000000000000000000e+00 0.000000000000000000e+00 0.000000000000000000e+00 -1.236559682774029945e-09 -5.828731865654274147e-09 8.778974725995314365e-09 0.000000000000000000e+00 6.977491501247712335e-09 -6.873652038177913148e-09
8.350000000000000000e+02 0.000000000000000000e+00 0.000000000000000000e+00 0.000000000000000000e+00 0.000000000000000000e+00 -1.018228470289761489e-09 -6.130038425651573863e-09 8.986165761157294263e-09 0.000000000000000000e+00 6.500239257446749352e-09 -6.406035641184915086e-09
8.600000000000000000e+02 0.000000000000000000e+00 0.000000000000000000e+00 0.000000000000000000e+00 0.000000000000000000e+00 -1.204114932762401224e-09 -6.348708451314744039e-09 9.592261880631003379e-09 0.000000000000000000e+00 6.271255758617810816e-09 -5.877351556826670986e-09
8.850000000000000000e+02 0.000000000000000000e+00 0.000000000000000000e+00 0.000000000000000000e+00 0.000000000000000000e+00 -1.373250471670139916e-09 -6.684526521714972969e-09 9.913727824772955444e-09 0.000000000000000000e+00 5.988400964343498778e-09 -5.922725417745189347e-09
9.100000000000000000e+02 0.000000000000000000e+00 0.000000000000000000e+00 0.000000000000000000e+00 0.000000000000000000e+00 -1.469852885238598361e-09 -6.759919230284183733e-09 9.655118501580850499e-09 0.000000000000000000e+00 5.813925729736268977e-09 -5.322023204079595615e-09
9.350000000000000000e+02 0.000000000000000000e+00 0.000000000000000000e+00 0.000000000000000000e+00 0.000000000000000000e+00 -1.906352679881262446e-09 -6.779868550257917015e-09 9.584916410912414086e-09 0.000000000000000000e+00 5.557457705834822903e-09 -5.183136905784202497e-09
9.600000000000000000e+02 0.000000000000000000e+00 0.000000000000000000e+00 0.000000000000000000e+00 0.000000000000000000e+00 -2.068224064233348258e-09 -6.706657798560833328e-09 9.423180551831888963e-09 0.000000000000000000e+00 5.470586006764421860e-09 -5.114805063863303580e-09
9.850000000000000000e+02 0.000000000000000000e+00 0.000000000000000000e+00 0.000000000000000000e+00 0.000000000000000000e+00 -1.800859808498422865e-09 -6.654019783086662088e-09 9.001371696626403462e-09 0.000000000000000000e+00 5.182269544046214094e-09 -4.840176653572725307e-09
1.010000000000000000e+03 0.000000000000000000e+00 0.000000000000000000e+00 0.000000000000000000e+00 0.000000000000000000e+00 -1.689403825166913009e-09 -6.472822495010022159e-09 8.519281200630723916e-09 0.000000000000000000e+00 4.672721628032339147e-09 -4.591162519607117076e-09
1.035000000000000000e+03 0.000000000000000000e+00 0.000000000000000000e+00 0.000000000000000000e+00 0.000000000000000000e+00 -1.231003146640041734e-09 -5.783920434612732642e-09 7.473920570974512678e-09 0.000000000000000000e+00 4.208927043697352488e-09 -4.022281639703972900e-09
1.060000000000000000e+03 0.000000000000000000e+00 0.000000000000000000e+00 0.000000000000000000e+00 0.000000000000000000e+00 -1.103826231807492064e-09 -5.106104341429107407e-09 6.542157223940470168e-09 0.000000000000000000e+00 3.641171023548162022e-09 -3.578138219745286008e-09
1.085000000000000000e+03 0.000000000000000000e+00 0.000000000000000000e+00 0.000000000000000000e+00 0.000000000000000000e+00 -9.612536461256482312e-10 -3.946577223010172553e-09 5.090546040253940419e-09 0.000000000000000000e+00 2.917479625941243881e-09 -2.939759980585820998e-09
1.110000000000000000e+03 0.000000000000000000e+00 0.000000000000000000e+00 0.000000000000000000e+00 0.000000000000000000e+00 -8.024180278565218316e-10 -2.881755164357846510e-09 3.821460292305345341e-09 0.000000000000000000e+00 2.224823515521723305e-09 -2.280890320366379953e-09
1.135000000000000000e+03 0.000000000000000000e+00 0.000000000000000000e+00 0.000000000000000000e+00 0.000000000000000000e+00 -5.015519249917943512e-10 -1.805169512134052745e-09 2.378414305781451077e-09 0.000000000000000000e+00 1.415425936179826039e-09 -1.492458500534921129e-09
1.160000000000000000e+03 0.000000000000000000e+00 0.000000000000000000e+00 0.000000000000000000e+00 0.000000000000000000e+00 -1.720628847734495537e-10 -8.603144238672477684e-10 1.032377308640697322e-09 0.000000000000000000e+00 6.380665310348754282e-10 -6.595743916315566224e-10
1.185000000000000000e+03 0.000000000000000000e+00 0.000000000000000000e+00 0.000000000000000000e+00 0.000000000000000000e+00 0.000000000000000000e+00 0.000000000000000000e+00 0.000000000000000000e+00 0.000000000000000000e+00 0.000000000000000000e+00 0.000000000000000000e+00
