869 	 2 	 2 	 4 	 2 	 2 	 4 	 0 	 0 	 0 	 0.336726
746 	 2 	 2 	 2 	 2 	 2 	 2 	 0 	 0 	 0 	 0.250981
574 	 2 	 1 	 3 	 2 	 1 	 3 	 0 	 0 	 0 	 0.230028
340 	 1 	 2 	 3 	 1 	 2 	 3 	 0 	 0 	 0 	 0.230028
489 	 2 	 1 	 1 	 2 	 1 	 1 	 0 	 0 	 0 	 0.150588
183 	 1 	 1 	 2 	 1 	 1 	 2 	 0 	 0 	 0 	 0.150588
260 	 1 	 2 	 1 	 1 	 2 	 1 	 0 	 0 	 0 	 0.150588
425 	 2 	 0 	 2 	 2 	 0 	 2 	 0 	 0 	 0 	 0.112242
649 	 2 	 2 	 0 	 2 	 2 	 0 	 0 	 0 	 0 	 0.112242
52 	 0 	 2 	 2 	 0 	 2 	 2 	 0 	 0 	 0 	 0.112242
389 	 1 	 2 	 3 	 2 	 2 	 4 	 1 	 0 	 1 	 0.092945
601 	 2 	 1 	 3 	 2 	 2 	 4 	 0 	 1 	 1 	 0.092945
15 	 0 	 1 	 1 	 0 	 1 	 1 	 0 	 0 	 0 	 0.067345
104 	 1 	 0 	 1 	 1 	 0 	 1 	 0 	 0 	 0 	 0.067345
141 	 1 	 1 	 0 	 1 	 1 	 0 	 0 	 0 	 0 	 0.067345
212 	 1 	 1 	 2 	 2 	 1 	 3 	 1 	 0 	 1 	 0.065062
195 	 1 	 1 	 2 	 1 	 2 	 3 	 0 	 1 	 1 	 0.065062
808 	 2 	 2 	 4 	 1 	 2 	 3 	 1 	 0 	 1 	 0.063494
835 	 2 	 2 	 4 	 2 	 1 	 3 	 0 	 1 	 1 	 0.063494
432 	 2 	 0 	 2 	 2 	 1 	 3 	 0 	 1 	 1 	 0.059393
67 	 0 	 2 	 2 	 1 	 2 	 3 	 1 	 0 	 1 	 0.059393
552 	 2 	 1 	 3 	 1 	 2 	 3 	 1 	 1 	 0 	 -0.053123
362 	 1 	 2 	 3 	 2 	 1 	 3 	 1 	 1 	 0 	 -0.053123
93 	 0 	 2 	 2 	 2 	 2 	 4 	 2 	 0 	 2 	 0.048296
446 	 2 	 0 	 2 	 2 	 2 	 4 	 0 	 2 	 2 	 0.048296
506 	 2 	 1 	 1 	 2 	 2 	 2 	 0 	 1 	 1 	 0.044269
294 	 1 	 2 	 1 	 2 	 2 	 2 	 1 	 0 	 1 	 0.044269
223 	 1 	 1 	 2 	 2 	 2 	 2 	 1 	 1 	 0 	 0.044269
232 	 1 	 1 	 2 	 2 	 2 	 4 	 1 	 1 	 2 	 0.043197
538 	 2 	 1 	 3 	 1 	 1 	 2 	 1 	 0 	 1 	 0.042593
326 	 1 	 2 	 3 	 1 	 1 	 2 	 0 	 1 	 1 	 0.042593
23 	 0 	 1 	 1 	 1 	 1 	 2 	 1 	 0 	 1 	 0.040985
108 	 1 	 0 	 1 	 1 	 1 	 2 	 0 	 1 	 1 	 0.040985
119 	 1 	 0 	 1 	 2 	 1 	 1 	 1 	 1 	 0 	 0.040985
154 	 1 	 1 	 0 	 2 	 1 	 1 	 1 	 0 	 1 	 0.040985
146 	 1 	 1 	 0 	 1 	 2 	 1 	 0 	 1 	 1 	 0.040985
26 	 0 	 1 	 1 	 1 	 2 	 1 	 1 	 1 	 0 	 0.040985
37 	 0 	 1 	 1 	 2 	 1 	 3 	 2 	 0 	 2 	 0.035636
114 	 1 	 0 	 1 	 1 	 2 	 3 	 0 	 2 	 2 	 0.035636
117 	 1 	 0 	 1 	 2 	 0 	 2 	 1 	 0 	 1 	 0.033464
17 	 0 	 1 	 1 	 0 	 2 	 2 	 0 	 1 	 1 	 0.033464
160 	 1 	 1 	 0 	 2 	 2 	 0 	 1 	 1 	 0 	 0.033464
515 	 2 	 1 	 1 	 2 	 2 	 4 	 0 	 3 	 3 	 -0.031938
306 	 1 	 2 	 1 	 2 	 2 	 4 	 3 	 0 	 3 	 -0.031938
63 	 0 	 2 	 2 	 1 	 2 	 1 	 1 	 0 	 1 	 -0.031747
59 	 0 	 2 	 2 	 1 	 1 	 2 	 1 	 1 	 0 	 -0.031747
428 	 2 	 0 	 2 	 2 	 1 	 1 	 0 	 1 	 1 	 -0.031747
628 	 2 	 2 	 0 	 1 	 2 	 1 	 1 	 0 	 1 	 -0.031747
640 	 2 	 2 	 0 	 2 	 1 	 1 	 0 	 1 	 1 	 -0.031747
412 	 2 	 0 	 2 	 1 	 1 	 2 	 1 	 1 	 0 	 -0.031747
872 	 2 	 2 	 4 	 2 	 2 	 4 	 2 	 0 	 2 	 0.030732
870 	 2 	 2 	 4 	 2 	 2 	 4 	 0 	 2 	 2 	 0.030732
268 	 1 	 2 	 1 	 1 	 2 	 3 	 2 	 0 	 2 	 -0.030238
495 	 2 	 1 	 1 	 2 	 1 	 3 	 0 	 2 	 2 	 -0.030238
29 	 0 	 1 	 1 	 1 	 2 	 3 	 1 	 1 	 2 	 0.029096
122 	 1 	 0 	 1 	 2 	 1 	 3 	 1 	 1 	 2 	 0.029096
315 	 1 	 2 	 3 	 0 	 2 	 2 	 1 	 0 	 1 	 0.028981
562 	 2 	 1 	 3 	 2 	 0 	 2 	 0 	 1 	 1 	 0.028981
131 	 1 	 0 	 1 	 2 	 2 	 4 	 1 	 2 	 3 	 0.027212
46 	 0 	 1 	 1 	 2 	 2 	 4 	 2 	 1 	 3 	 0.027212
87 	 0 	 2 	 2 	 2 	 2 	 2 	 2 	 0 	 2 	 -0.026831
441 	 2 	 0 	 2 	 2 	 2 	 2 	 2 	 2 	 0 	 -0.026831
652 	 2 	 2 	 0 	 2 	 2 	 2 	 0 	 2 	 2 	 -0.026831
653 	 2 	 2 	 0 	 2 	 2 	 2 	 2 	 0 	 2 	 -0.026831
88 	 0 	 2 	 2 	 2 	 2 	 2 	 2 	 2 	 0 	 -0.026831
440 	 2 	 0 	 2 	 2 	 2 	 2 	 0 	 2 	 2 	 -0.026831
683 	 2 	 2 	 2 	 1 	 1 	 2 	 1 	 1 	 0 	 0.026561
719 	 2 	 2 	 2 	 2 	 1 	 1 	 0 	 1 	 1 	 0.026561
692 	 2 	 2 	 2 	 1 	 2 	 1 	 1 	 0 	 1 	 0.026561
485 	 2 	 1 	 1 	 2 	 0 	 2 	 0 	 1 	 1 	 -0.023663
244 	 1 	 2 	 1 	 0 	 2 	 2 	 1 	 0 	 1 	 -0.023663
502 	 2 	 1 	 1 	 2 	 2 	 0 	 0 	 1 	 1 	 -0.023663
173 	 1 	 1 	 2 	 0 	 2 	 2 	 1 	 1 	 0 	 -0.023663
290 	 1 	 2 	 1 	 2 	 2 	 0 	 1 	 0 	 1 	 -0.023663
202 	 1 	 1 	 2 	 2 	 0 	 2 	 1 	 1 	 0 	 -0.023663
576 	 2 	 1 	 3 	 2 	 1 	 3 	 2 	 0 	 2 	 0.023513
341 	 1 	 2 	 3 	 1 	 2 	 3 	 0 	 2 	 2 	 0.023513
420 	 2 	 0 	 2 	 1 	 2 	 3 	 1 	 2 	 1 	 -0.022538
79 	 0 	 2 	 2 	 2 	 1 	 3 	 2 	 1 	 1 	 -0.022538
0 	 0 	 0 	 0 	 0 	 0 	 0 	 0 	 0 	 0 	 0.022448
13 	 0 	 0 	 0 	 2 	 2 	 4 	 2 	 2 	 4 	 0.022448
1 	 0 	 0 	 0 	 0 	 1 	 1 	 0 	 1 	 1 	 0.022448
4 	 0 	 0 	 0 	 1 	 1 	 0 	 1 	 1 	 0 	 0.022448
3 	 0 	 0 	 0 	 1 	 0 	 1 	 1 	 0 	 1 	 0.022448
10 	 0 	 0 	 0 	 2 	 1 	 3 	 2 	 1 	 3 	 0.022448
7 	 0 	 0 	 0 	 1 	 2 	 3 	 1 	 2 	 3 	 0.022448
6 	 0 	 0 	 0 	 1 	 2 	 1 	 1 	 2 	 1 	 0.022448
5 	 0 	 0 	 0 	 1 	 1 	 2 	 1 	 1 	 2 	 0.022448
2 	 0 	 0 	 0 	 0 	 2 	 2 	 0 	 2 	 2 	 0.022448
12 	 0 	 0 	 0 	 2 	 2 	 2 	 2 	 2 	 2 	 0.022448
11 	 0 	 0 	 0 	 2 	 2 	 0 	 2 	 2 	 0 	 0.022448
9 	 0 	 0 	 0 	 2 	 1 	 1 	 2 	 1 	 1 	 0.022448
8 	 0 	 0 	 0 	 2 	 0 	 2 	 2 	 0 	 2 	 0.022448
149 	 1 	 1 	 0 	 1 	 2 	 3 	 0 	 3 	 3 	 -0.021513
158 	 1 	 1 	 0 	 2 	 1 	 3 	 3 	 0 	 3 	 -0.021513
408 	 2 	 0 	 2 	 1 	 0 	 1 	 1 	 0 	 1 	 0.020078
622 	 2 	 2 	 0 	 1 	 1 	 0 	 1 	 1 	 0 	 0.020078
50 	 0 	 2 	 2 	 0 	 1 	 1 	 0 	 1 	 1 	 0.020078
661 	 2 	 2 	 0 	 2 	 2 	 4 	 4 	 0 	 4 	 0.019999
658 	 2 	 2 	 0 	 2 	 2 	 4 	 0 	 4 	 4 	 0.019999
127 	 1 	 0 	 1 	 2 	 2 	 2 	 1 	 2 	 1 	 0.019798
162 	 1 	 1 	 0 	 2 	 2 	 2 	 1 	 1 	 2 	 0.019798
42 	 0 	 1 	 1 	 2 	 2 	 2 	 2 	 1 	 1 	 0.019798
335 	 1 	 2 	 3 	 1 	 2 	 1 	 2 	 0 	 2 	 -0.019795
567 	 2 	 1 	 3 	 2 	 1 	 1 	 0 	 2 	 2 	 -0.019795
792 	 2 	 2 	 4 	 1 	 1 	 2 	 1 	 1 	 2 	 0.019318
35 	 0 	 1 	 1 	 2 	 1 	 1 	 2 	 2 	 0 	 -0.019048
111 	 1 	 0 	 1 	 1 	 2 	 1 	 0 	 2 	 2 	 -0.019048
112 	 1 	 0 	 1 	 1 	 2 	 1 	 2 	 2 	 0 	 -0.019048
34 	 0 	 1 	 1 	 2 	 1 	 1 	 2 	 0 	 2 	 -0.019048
144 	 1 	 1 	 0 	 1 	 1 	 2 	 2 	 0 	 2 	 -0.019048
143 	 1 	 1 	 0 	 1 	 1 	 2 	 0 	 2 	 2 	 -0.019048
170 	 1 	 1 	 2 	 0 	 1 	 1 	 1 	 0 	 1 	 0.018329
463 	 2 	 1 	 1 	 1 	 1 	 0 	 1 	 0 	 1 	 0.018329
177 	 1 	 1 	 2 	 1 	 0 	 1 	 0 	 1 	 1 	 0.018329
241 	 1 	 2 	 1 	 0 	 1 	 1 	 1 	 1 	 0 	 0.018329
251 	 1 	 2 	 1 	 1 	 1 	 0 	 0 	 1 	 1 	 0.018329
460 	 2 	 1 	 1 	 1 	 0 	 1 	 1 	 1 	 0 	 0.018329
267 	 1 	 2 	 1 	 1 	 2 	 3 	 0 	 4 	 4 	 -0.017887
499 	 2 	 1 	 1 	 2 	 1 	 3 	 4 	 0 	 4 	 -0.017887
167 	 1 	 1 	 0 	 2 	 2 	 4 	 3 	 1 	 4 	 -0.017565
166 	 1 	 1 	 0 	 2 	 2 	 4 	 1 	 3 	 4 	 -0.017565
382 	 1 	 2 	 3 	 2 	 2 	 2 	 3 	 0 	 3 	 -0.017385
590 	 2 	 1 	 3 	 2 	 2 	 2 	 0 	 3 	 3 	 -0.017385
762 	 2 	 2 	 2 	 2 	 2 	 4 	 0 	 4 	 4 	 -0.017074
769 	 2 	 2 	 2 	 2 	 2 	 4 	 4 	 0 	 4 	 -0.017074
191 	 1 	 1 	 2 	 1 	 2 	 1 	 2 	 1 	 1 	 0.016863
278 	 1 	 2 	 1 	 2 	 1 	 1 	 1 	 1 	 2 	 0.016863
473 	 2 	 1 	 1 	 1 	 2 	 1 	 1 	 1 	 2 	 0.016863
256 	 1 	 2 	 1 	 1 	 1 	 2 	 2 	 1 	 1 	 0.016863
207 	 1 	 1 	 2 	 2 	 1 	 1 	 1 	 2 	 1 	 0.016863
467 	 2 	 1 	 1 	 1 	 1 	 2 	 1 	 2 	 1 	 0.016863
634 	 2 	 2 	 0 	 1 	 2 	 3 	 3 	 0 	 3 	 0.016664
644 	 2 	 2 	 0 	 2 	 1 	 3 	 0 	 3 	 3 	 0.016664
479 	 2 	 1 	 1 	 1 	 2 	 3 	 1 	 3 	 2 	 0.016653
286 	 1 	 2 	 1 	 2 	 1 	 3 	 3 	 1 	 2 	 0.016653
761 	 2 	 2 	 2 	 2 	 2 	 4 	 0 	 2 	 2 	 -0.016493
763 	 2 	 2 	 2 	 2 	 2 	 4 	 2 	 0 	 2 	 -0.016493
343 	 1 	 2 	 3 	 1 	 2 	 3 	 2 	 0 	 2 	 0.016459
575 	 2 	 1 	 3 	 2 	 1 	 3 	 0 	 2 	 2 	 0.016459
821 	 2 	 2 	 4 	 2 	 0 	 2 	 0 	 2 	 2 	 0.016099
780 	 2 	 2 	 4 	 0 	 2 	 2 	 2 	 0 	 2 	 0.016099
378 	 1 	 2 	 3 	 2 	 2 	 2 	 1 	 2 	 1 	 0.016096
591 	 2 	 1 	 3 	 2 	 2 	 2 	 2 	 1 	 1 	 0.016096
729 	 2 	 2 	 2 	 2 	 1 	 3 	 0 	 3 	 3 	 -0.015933
706 	 2 	 2 	 2 	 1 	 2 	 3 	 3 	 0 	 3 	 -0.015933
150 	 1 	 1 	 0 	 1 	 2 	 3 	 2 	 1 	 3 	 -0.015553
157 	 1 	 1 	 0 	 2 	 1 	 3 	 1 	 2 	 3 	 -0.015553
377 	 1 	 2 	 3 	 2 	 2 	 2 	 1 	 0 	 1 	 -0.015491
589 	 2 	 1 	 3 	 2 	 2 	 2 	 0 	 1 	 1 	 -0.015491
520 	 2 	 1 	 1 	 2 	 2 	 4 	 4 	 1 	 5 	 -0.014770
305 	 1 	 2 	 1 	 2 	 2 	 4 	 1 	 4 	 5 	 -0.014770
702 	 2 	 2 	 2 	 1 	 2 	 3 	 1 	 2 	 1 	 0.014752
730 	 2 	 2 	 2 	 2 	 1 	 3 	 2 	 1 	 1 	 0.014752
190 	 1 	 1 	 2 	 1 	 2 	 1 	 0 	 3 	 3 	 -0.014636
209 	 1 	 1 	 2 	 2 	 1 	 1 	 3 	 0 	 3 	 -0.014636
281 	 1 	 2 	 1 	 2 	 1 	 1 	 3 	 3 	 0 	 -0.014636
255 	 1 	 2 	 1 	 1 	 1 	 2 	 0 	 3 	 3 	 -0.014636
469 	 2 	 1 	 1 	 1 	 1 	 2 	 3 	 0 	 3 	 -0.014636
476 	 2 	 1 	 1 	 1 	 2 	 1 	 3 	 3 	 0 	 -0.014636
48 	 0 	 1 	 1 	 2 	 2 	 4 	 2 	 3 	 5 	 0.014504
133 	 1 	 0 	 1 	 2 	 2 	 4 	 3 	 2 	 5 	 0.014504
426 	 2 	 0 	 2 	 2 	 0 	 2 	 2 	 0 	 2 	 0.014342
53 	 0 	 2 	 2 	 0 	 2 	 2 	 0 	 2 	 2 	 0.014342
650 	 2 	 2 	 0 	 2 	 2 	 0 	 2 	 2 	 0 	 0.014342
31 	 0 	 1 	 1 	 1 	 2 	 3 	 1 	 3 	 4 	 0.014342
124 	 1 	 0 	 1 	 2 	 1 	 3 	 3 	 1 	 4 	 0.014342
827 	 2 	 2 	 4 	 2 	 1 	 1 	 0 	 3 	 3 	 -0.014283
803 	 2 	 2 	 4 	 1 	 2 	 1 	 3 	 0 	 3 	 -0.014283
701 	 2 	 2 	 2 	 1 	 2 	 3 	 1 	 0 	 1 	 -0.014198
728 	 2 	 2 	 2 	 2 	 1 	 3 	 0 	 1 	 1 	 -0.014198
18 	 0 	 1 	 1 	 0 	 2 	 2 	 0 	 3 	 3 	 0.014083
118 	 1 	 0 	 1 	 2 	 0 	 2 	 3 	 0 	 3 	 0.014083
161 	 1 	 1 	 0 	 2 	 2 	 0 	 3 	 3 	 0 	 0.014083
492 	 2 	 1 	 1 	 2 	 1 	 1 	 2 	 2 	 0 	 0.013469
185 	 1 	 1 	 2 	 1 	 1 	 2 	 2 	 0 	 2 	 0.013469
184 	 1 	 1 	 2 	 1 	 1 	 2 	 0 	 2 	 2 	 0.013469
491 	 2 	 1 	 1 	 2 	 1 	 1 	 2 	 0 	 2 	 0.013469
263 	 1 	 2 	 1 	 1 	 2 	 1 	 2 	 2 	 0 	 0.013469
261 	 1 	 2 	 1 	 1 	 2 	 1 	 0 	 2 	 2 	 0.013469
391 	 1 	 2 	 3 	 2 	 2 	 4 	 1 	 2 	 3 	 0.013466
604 	 2 	 1 	 3 	 2 	 2 	 4 	 2 	 1 	 3 	 0.013466
553 	 2 	 1 	 3 	 1 	 2 	 3 	 1 	 1 	 2 	 0.013439
363 	 1 	 2 	 3 	 2 	 1 	 3 	 1 	 1 	 2 	 0.013439
394 	 1 	 2 	 3 	 2 	 2 	 4 	 3 	 0 	 3 	 0.013039
602 	 2 	 1 	 3 	 2 	 2 	 4 	 0 	 3 	 3 	 0.013039
21 	 0 	 1 	 1 	 1 	 1 	 0 	 1 	 0 	 1 	 -0.012961
19 	 0 	 1 	 1 	 1 	 0 	 1 	 1 	 1 	 0 	 -0.012961
100 	 1 	 0 	 1 	 0 	 1 	 1 	 1 	 1 	 0 	 -0.012961
139 	 1 	 1 	 0 	 1 	 0 	 1 	 0 	 1 	 1 	 -0.012961
106 	 1 	 0 	 1 	 1 	 1 	 0 	 0 	 1 	 1 	 -0.012961
135 	 1 	 1 	 0 	 0 	 1 	 1 	 1 	 0 	 1 	 -0.012961
862 	 2 	 2 	 4 	 2 	 2 	 2 	 4 	 0 	 4 	 -0.012726
855 	 2 	 2 	 4 	 2 	 2 	 2 	 0 	 4 	 4 	 -0.012726
39 	 0 	 1 	 1 	 2 	 1 	 3 	 2 	 2 	 4 	 0.012699
116 	 1 	 0 	 1 	 1 	 2 	 3 	 2 	 2 	 4 	 0.012699
148 	 1 	 1 	 0 	 1 	 2 	 1 	 2 	 3 	 1 	 0.012470
25 	 0 	 1 	 1 	 1 	 1 	 2 	 1 	 2 	 3 	 0.012470
28 	 0 	 1 	 1 	 1 	 2 	 1 	 1 	 3 	 2 	 0.012470
156 	 1 	 1 	 0 	 2 	 1 	 1 	 3 	 2 	 1 	 0.012470
110 	 1 	 0 	 1 	 1 	 1 	 2 	 2 	 1 	 3 	 0.012470
121 	 1 	 0 	 1 	 2 	 1 	 1 	 3 	 1 	 2 	 0.012470
873 	 2 	 2 	 4 	 2 	 2 	 4 	 2 	 2 	 0 	 0.012293
856 	 2 	 2 	 4 	 2 	 2 	 2 	 2 	 0 	 2 	 -0.012293
854 	 2 	 2 	 4 	 2 	 2 	 2 	 0 	 2 	 2 	 -0.012293
482 	 2 	 1 	 1 	 1 	 2 	 3 	 3 	 1 	 4 	 -0.012169
285 	 1 	 2 	 1 	 2 	 1 	 3 	 1 	 3 	 4 	 -0.012169
215 	 1 	 1 	 2 	 2 	 1 	 3 	 3 	 0 	 3 	 0.012169
196 	 1 	 1 	 2 	 1 	 2 	 3 	 0 	 3 	 3 	 0.012169
142 	 1 	 1 	 0 	 1 	 1 	 0 	 2 	 2 	 0 	 0.012047
105 	 1 	 0 	 1 	 1 	 0 	 1 	 2 	 0 	 2 	 0.012047
16 	 0 	 1 	 1 	 0 	 1 	 1 	 0 	 2 	 2 	 0.012047
669 	 2 	 2 	 2 	 0 	 2 	 2 	 2 	 0 	 2 	 -0.011999
670 	 2 	 2 	 2 	 0 	 2 	 2 	 2 	 2 	 0 	 -0.011999
741 	 2 	 2 	 2 	 2 	 2 	 0 	 2 	 0 	 2 	 -0.011999
713 	 2 	 2 	 2 	 2 	 0 	 2 	 0 	 2 	 2 	 -0.011999
714 	 2 	 2 	 2 	 2 	 0 	 2 	 2 	 2 	 0 	 -0.011999
740 	 2 	 2 	 2 	 2 	 2 	 0 	 0 	 2 	 2 	 -0.011999
571 	 2 	 1 	 3 	 2 	 1 	 1 	 4 	 0 	 4 	 -0.011710
334 	 1 	 2 	 3 	 1 	 2 	 1 	 0 	 4 	 4 	 -0.011710
165 	 1 	 1 	 0 	 2 	 2 	 2 	 3 	 3 	 2 	 0.011662
130 	 1 	 0 	 1 	 2 	 2 	 2 	 3 	 2 	 3 	 0.011662
45 	 0 	 1 	 1 	 2 	 2 	 2 	 2 	 3 	 3 	 0.011662
239 	 1 	 1 	 2 	 2 	 2 	 4 	 3 	 3 	 6 	 0.011565
69 	 0 	 2 	 2 	 1 	 2 	 3 	 1 	 2 	 3 	 0.011473
434 	 2 	 0 	 2 	 2 	 1 	 3 	 2 	 1 	 3 	 0.011473
98 	 0 	 2 	 2 	 2 	 2 	 4 	 2 	 4 	 6 	 0.011219
451 	 2 	 0 	 2 	 2 	 2 	 4 	 4 	 2 	 6 	 0.011219
647 	 2 	 2 	 0 	 2 	 1 	 3 	 4 	 1 	 3 	 -0.011109
633 	 2 	 2 	 0 	 1 	 2 	 3 	 1 	 4 	 3 	 -0.011109
436 	 2 	 0 	 2 	 2 	 1 	 3 	 4 	 1 	 5 	 0.011009
71 	 0 	 2 	 2 	 1 	 2 	 3 	 1 	 4 	 5 	 0.011009
527 	 2 	 1 	 3 	 0 	 2 	 2 	 2 	 1 	 1 	 -0.010997
350 	 1 	 2 	 3 	 2 	 0 	 2 	 1 	 2 	 1 	 -0.010997
356 	 1 	 2 	 3 	 2 	 1 	 1 	 1 	 3 	 2 	 0.010902
548 	 2 	 1 	 3 	 1 	 2 	 1 	 3 	 1 	 2 	 0.010902
764 	 2 	 2 	 2 	 2 	 2 	 4 	 2 	 2 	 2 	 0.010705
54 	 0 	 2 	 2 	 0 	 2 	 2 	 0 	 4 	 4 	 0.010690
427 	 2 	 0 	 2 	 2 	 0 	 2 	 4 	 0 	 4 	 0.010690
651 	 2 	 2 	 0 	 2 	 2 	 0 	 4 	 4 	 0 	 0.010690
137 	 1 	 1 	 0 	 0 	 2 	 2 	 1 	 1 	 2 	 -0.010582
102 	 1 	 0 	 1 	 0 	 2 	 2 	 1 	 2 	 1 	 -0.010582
152 	 1 	 1 	 0 	 2 	 0 	 2 	 1 	 1 	 2 	 -0.010582
125 	 1 	 0 	 1 	 2 	 2 	 0 	 1 	 2 	 1 	 -0.010582
32 	 0 	 1 	 1 	 2 	 0 	 2 	 2 	 1 	 1 	 -0.010582
40 	 0 	 1 	 1 	 2 	 2 	 0 	 2 	 1 	 1 	 -0.010582
225 	 1 	 1 	 2 	 2 	 2 	 2 	 1 	 3 	 2 	 0.010537
296 	 1 	 2 	 1 	 2 	 2 	 2 	 1 	 2 	 3 	 0.010537
227 	 1 	 1 	 2 	 2 	 2 	 2 	 3 	 1 	 2 	 0.010537
299 	 1 	 2 	 1 	 2 	 2 	 2 	 3 	 2 	 1 	 0.010537
509 	 2 	 1 	 1 	 2 	 2 	 2 	 2 	 1 	 3 	 0.010537
510 	 2 	 1 	 1 	 2 	 2 	 2 	 2 	 3 	 1 	 0.010537
320 	 1 	 2 	 3 	 1 	 0 	 1 	 0 	 2 	 2 	 0.010433
524 	 2 	 1 	 3 	 0 	 1 	 1 	 2 	 0 	 2 	 0.010433
448 	 2 	 0 	 2 	 2 	 2 	 4 	 2 	 2 	 4 	 0.010244
95 	 0 	 2 	 2 	 2 	 2 	 4 	 2 	 2 	 4 	 0.010244
201 	 1 	 1 	 2 	 1 	 2 	 3 	 2 	 3 	 5 	 0.010049
218 	 1 	 1 	 2 	 2 	 1 	 3 	 3 	 2 	 5 	 0.010049
405 	 2 	 0 	 2 	 0 	 2 	 2 	 2 	 2 	 0 	 0.010039
637 	 2 	 2 	 0 	 2 	 0 	 2 	 0 	 2 	 2 	 0.010039
437 	 2 	 0 	 2 	 2 	 2 	 0 	 0 	 2 	 2 	 0.010039
72 	 0 	 2 	 2 	 2 	 0 	 2 	 2 	 2 	 0 	 0.010039
84 	 0 	 2 	 2 	 2 	 2 	 0 	 2 	 0 	 2 	 0.010039
617 	 2 	 2 	 0 	 0 	 2 	 2 	 2 	 0 	 2 	 0.010039
64 	 0 	 2 	 2 	 1 	 2 	 1 	 1 	 2 	 1 	 0.010039
641 	 2 	 2 	 0 	 2 	 1 	 1 	 2 	 1 	 1 	 0.010039
60 	 0 	 2 	 2 	 1 	 1 	 2 	 1 	 1 	 2 	 0.010039
413 	 2 	 0 	 2 	 1 	 1 	 2 	 1 	 1 	 2 	 0.010039
429 	 2 	 0 	 2 	 2 	 1 	 1 	 2 	 1 	 1 	 0.010039
629 	 2 	 2 	 0 	 1 	 2 	 1 	 1 	 2 	 1 	 0.010039
418 	 2 	 0 	 2 	 1 	 2 	 1 	 3 	 2 	 1 	 -0.009659
417 	 2 	 0 	 2 	 1 	 2 	 1 	 1 	 2 	 3 	 -0.009659
626 	 2 	 2 	 0 	 1 	 1 	 2 	 3 	 1 	 2 	 -0.009659
625 	 2 	 2 	 0 	 1 	 1 	 2 	 1 	 3 	 2 	 -0.009659
76 	 0 	 2 	 2 	 2 	 1 	 1 	 2 	 1 	 3 	 -0.009659
77 	 0 	 2 	 2 	 2 	 1 	 1 	 2 	 3 	 1 	 -0.009659
613 	 2 	 1 	 3 	 2 	 2 	 4 	 4 	 3 	 7 	 0.009481
401 	 1 	 2 	 3 	 2 	 2 	 4 	 3 	 4 	 7 	 0.009481
307 	 1 	 2 	 1 	 2 	 2 	 4 	 3 	 2 	 3 	 0.009228
517 	 2 	 1 	 1 	 2 	 2 	 4 	 2 	 3 	 3 	 0.009228
810 	 2 	 2 	 4 	 1 	 2 	 3 	 1 	 2 	 3 	 0.009199
838 	 2 	 2 	 4 	 2 	 1 	 3 	 2 	 1 	 3 	 0.009199
83 	 0 	 2 	 2 	 2 	 1 	 3 	 2 	 3 	 5 	 0.009173
424 	 2 	 0 	 2 	 1 	 2 	 3 	 3 	 2 	 5 	 0.009173
431 	 2 	 0 	 2 	 2 	 1 	 1 	 4 	 1 	 3 	 0.008907
62 	 0 	 2 	 2 	 1 	 1 	 2 	 1 	 3 	 4 	 0.008907
631 	 2 	 2 	 0 	 1 	 2 	 1 	 3 	 4 	 1 	 0.008907
66 	 0 	 2 	 2 	 1 	 2 	 1 	 1 	 4 	 3 	 0.008907
836 	 2 	 2 	 4 	 2 	 1 	 3 	 0 	 3 	 3 	 0.008907
813 	 2 	 2 	 4 	 1 	 2 	 3 	 3 	 0 	 3 	 0.008907
643 	 2 	 2 	 0 	 2 	 1 	 1 	 4 	 3 	 1 	 0.008907
415 	 2 	 0 	 2 	 1 	 1 	 2 	 3 	 1 	 4 	 0.008907
234 	 1 	 1 	 2 	 2 	 2 	 4 	 1 	 3 	 4 	 0.008872
236 	 1 	 1 	 2 	 2 	 2 	 4 	 3 	 1 	 4 	 0.008872
497 	 2 	 1 	 1 	 2 	 1 	 3 	 2 	 2 	 2 	 0.008851
269 	 1 	 2 	 1 	 1 	 2 	 3 	 2 	 2 	 2 	 0.008851
198 	 1 	 1 	 2 	 1 	 2 	 3 	 2 	 1 	 3 	 0.008798
214 	 1 	 1 	 2 	 2 	 1 	 3 	 1 	 2 	 3 	 0.008798
265 	 1 	 2 	 1 	 1 	 2 	 1 	 2 	 4 	 2 	 0.008639
188 	 1 	 1 	 2 	 1 	 1 	 2 	 2 	 2 	 4 	 0.008639
494 	 2 	 1 	 1 	 2 	 1 	 1 	 4 	 2 	 2 	 0.008639
312 	 1 	 2 	 3 	 0 	 1 	 1 	 1 	 1 	 2 	 0.008519
454 	 2 	 1 	 1 	 0 	 1 	 1 	 2 	 2 	 0 	 -0.008519
249 	 1 	 2 	 1 	 1 	 0 	 1 	 2 	 2 	 0 	 -0.008519
248 	 1 	 2 	 1 	 1 	 0 	 1 	 0 	 2 	 2 	 -0.008519
453 	 2 	 1 	 1 	 0 	 1 	 1 	 2 	 0 	 2 	 -0.008519
181 	 1 	 1 	 2 	 1 	 1 	 0 	 2 	 0 	 2 	 -0.008519
532 	 2 	 1 	 3 	 1 	 0 	 1 	 1 	 1 	 2 	 0.008519
180 	 1 	 1 	 2 	 1 	 1 	 0 	 0 	 2 	 2 	 -0.008519
138 	 1 	 1 	 0 	 0 	 2 	 2 	 1 	 3 	 2 	 0.008485
33 	 0 	 1 	 1 	 2 	 0 	 2 	 2 	 1 	 3 	 0.008485
41 	 0 	 1 	 1 	 2 	 2 	 0 	 2 	 3 	 1 	 0.008485
126 	 1 	 0 	 1 	 2 	 2 	 0 	 3 	 2 	 1 	 0.008485
103 	 1 	 0 	 1 	 0 	 2 	 2 	 1 	 2 	 3 	 0.008485
153 	 1 	 1 	 0 	 2 	 0 	 2 	 3 	 1 	 2 	 0.008485
51 	 0 	 2 	 2 	 0 	 1 	 1 	 0 	 3 	 3 	 0.008450
409 	 2 	 0 	 2 	 1 	 0 	 1 	 3 	 0 	 3 	 0.008450
623 	 2 	 2 	 0 	 1 	 1 	 0 	 3 	 3 	 0 	 0.008450
875 	 2 	 2 	 4 	 2 	 2 	 4 	 2 	 2 	 4 	 0.008448
390 	 1 	 2 	 3 	 2 	 2 	 4 	 1 	 2 	 1 	 -0.008398
603 	 2 	 1 	 3 	 2 	 2 	 4 	 2 	 1 	 1 	 -0.008398
140 	 1 	 1 	 0 	 1 	 0 	 1 	 2 	 1 	 1 	 0.008197
136 	 1 	 1 	 0 	 0 	 1 	 1 	 1 	 2 	 1 	 0.008197
22 	 0 	 1 	 1 	 1 	 1 	 0 	 1 	 2 	 1 	 0.008197
20 	 0 	 1 	 1 	 1 	 0 	 1 	 1 	 1 	 2 	 0.008197
101 	 1 	 0 	 1 	 0 	 1 	 1 	 1 	 1 	 2 	 0.008197
107 	 1 	 0 	 1 	 1 	 1 	 0 	 2 	 1 	 1 	 0.008197
583 	 2 	 1 	 3 	 2 	 1 	 3 	 4 	 2 	 6 	 0.008193
349 	 1 	 2 	 3 	 1 	 2 	 3 	 2 	 4 	 6 	 0.008193
374 	 1 	 2 	 3 	 2 	 2 	 0 	 3 	 0 	 3 	 0.008131
584 	 2 	 1 	 3 	 2 	 2 	 0 	 0 	 3 	 3 	 0.008131
80 	 0 	 2 	 2 	 2 	 1 	 3 	 2 	 1 	 3 	 0.008031
421 	 2 	 0 	 2 	 1 	 2 	 3 	 1 	 2 	 3 	 0.008031
660 	 2 	 2 	 0 	 2 	 2 	 4 	 2 	 4 	 4 	 -0.008008
662 	 2 	 2 	 0 	 2 	 2 	 4 	 4 	 2 	 4 	 -0.008008
657 	 2 	 2 	 0 	 2 	 2 	 2 	 4 	 4 	 2 	 0.008008
92 	 0 	 2 	 2 	 2 	 2 	 2 	 2 	 4 	 4 	 0.008008
445 	 2 	 0 	 2 	 2 	 2 	 2 	 4 	 2 	 4 	 0.008008
887 	 2 	 2 	 4 	 2 	 2 	 4 	 4 	 4 	 8 	 0.007999
857 	 2 	 2 	 4 	 2 	 2 	 2 	 2 	 2 	 2 	 0.007979
541 	 2 	 1 	 3 	 1 	 1 	 2 	 3 	 0 	 3 	 0.007967
327 	 1 	 2 	 3 	 1 	 1 	 2 	 0 	 3 	 3 	 0.007967
359 	 1 	 2 	 3 	 2 	 1 	 1 	 3 	 1 	 4 	 -0.007967
547 	 2 	 1 	 3 	 1 	 2 	 1 	 1 	 3 	 4 	 -0.007967
371 	 1 	 2 	 3 	 2 	 1 	 3 	 3 	 3 	 6 	 0.007710
561 	 2 	 1 	 3 	 1 	 2 	 3 	 3 	 3 	 6 	 0.007710
380 	 1 	 2 	 3 	 2 	 2 	 2 	 1 	 4 	 3 	 0.007566
596 	 2 	 1 	 3 	 2 	 2 	 2 	 4 	 1 	 3 	 0.007566
134 	 1 	 1 	 0 	 0 	 0 	 0 	 1 	 1 	 0 	 0.007483
99 	 1 	 0 	 1 	 0 	 0 	 0 	 1 	 0 	 1 	 0.007483
14 	 0 	 1 	 1 	 0 	 0 	 0 	 0 	 1 	 1 	 0.007483
245 	 1 	 2 	 1 	 0 	 2 	 2 	 1 	 2 	 1 	 0.007483
174 	 1 	 1 	 2 	 0 	 2 	 2 	 1 	 1 	 2 	 0.007483
203 	 1 	 1 	 2 	 2 	 0 	 2 	 1 	 1 	 2 	 0.007483
503 	 2 	 1 	 1 	 2 	 2 	 0 	 2 	 1 	 1 	 0.007483
291 	 1 	 2 	 1 	 2 	 2 	 0 	 1 	 2 	 1 	 0.007483
486 	 2 	 1 	 1 	 2 	 0 	 2 	 2 	 1 	 1 	 0.007483
646 	 2 	 2 	 0 	 2 	 1 	 3 	 2 	 3 	 3 	 -0.007376
635 	 2 	 2 	 0 	 1 	 2 	 3 	 3 	 2 	 3 	 -0.007376
447 	 2 	 0 	 2 	 2 	 2 	 4 	 2 	 2 	 2 	 -0.007376
94 	 0 	 2 	 2 	 2 	 2 	 4 	 2 	 2 	 2 	 -0.007376
342 	 1 	 2 	 3 	 1 	 2 	 3 	 0 	 4 	 4 	 0.007302
580 	 2 	 1 	 3 	 2 	 1 	 3 	 4 	 0 	 4 	 0.007302
496 	 2 	 1 	 1 	 2 	 1 	 3 	 2 	 0 	 2 	 -0.007200
266 	 1 	 2 	 1 	 1 	 2 	 3 	 0 	 2 	 2 	 -0.007200
274 	 1 	 2 	 1 	 2 	 0 	 2 	 1 	 2 	 3 	 -0.007200
275 	 1 	 2 	 1 	 2 	 0 	 2 	 3 	 2 	 1 	 -0.007200
457 	 2 	 1 	 1 	 0 	 2 	 2 	 2 	 1 	 3 	 -0.007200
221 	 1 	 1 	 2 	 2 	 2 	 0 	 3 	 1 	 2 	 -0.007200
458 	 2 	 1 	 1 	 0 	 2 	 2 	 2 	 3 	 1 	 -0.007200
220 	 1 	 1 	 2 	 2 	 2 	 0 	 1 	 3 	 2 	 -0.007200
751 	 2 	 2 	 2 	 2 	 2 	 2 	 2 	 2 	 2 	 -0.007172
231 	 1 	 1 	 2 	 2 	 2 	 2 	 3 	 3 	 4 	 0.007133
514 	 2 	 1 	 1 	 2 	 2 	 2 	 4 	 3 	 3 	 0.007133
302 	 1 	 2 	 1 	 2 	 2 	 2 	 3 	 4 	 3 	 0.007133
145 	 1 	 1 	 0 	 1 	 1 	 2 	 2 	 2 	 2 	 0.007127
36 	 0 	 1 	 1 	 2 	 1 	 1 	 2 	 2 	 2 	 0.007127
113 	 1 	 0 	 1 	 1 	 2 	 1 	 2 	 2 	 2 	 0.007127
704 	 2 	 2 	 2 	 1 	 2 	 3 	 1 	 4 	 3 	 0.006934
735 	 2 	 2 	 2 	 2 	 1 	 3 	 4 	 1 	 3 	 0.006934
871 	 2 	 2 	 4 	 2 	 2 	 4 	 0 	 4 	 4 	 0.006872
879 	 2 	 2 	 4 	 2 	 2 	 4 	 4 	 0 	 4 	 0.006872
750 	 2 	 2 	 2 	 2 	 2 	 2 	 2 	 2 	 0 	 -0.006872
747 	 2 	 2 	 2 	 2 	 2 	 2 	 0 	 2 	 2 	 -0.006872
749 	 2 	 2 	 2 	 2 	 2 	 2 	 2 	 0 	 2 	 -0.006872
748 	 2 	 2 	 2 	 2 	 2 	 2 	 0 	 4 	 4 	 0.006829
758 	 2 	 2 	 2 	 2 	 2 	 2 	 4 	 4 	 0 	 0.006829
755 	 2 	 2 	 2 	 2 	 2 	 2 	 4 	 0 	 4 	 0.006829
848 	 2 	 2 	 4 	 2 	 2 	 0 	 0 	 4 	 4 	 0.006666
851 	 2 	 2 	 4 	 2 	 2 	 0 	 4 	 0 	 4 	 0.006666
151 	 1 	 1 	 0 	 1 	 2 	 3 	 2 	 3 	 3 	 0.006665
159 	 1 	 1 	 0 	 2 	 1 	 3 	 3 	 2 	 3 	 0.006665
488 	 2 	 1 	 1 	 2 	 0 	 2 	 4 	 1 	 3 	 0.006639
247 	 1 	 2 	 1 	 0 	 2 	 2 	 1 	 4 	 3 	 0.006639
176 	 1 	 1 	 2 	 0 	 2 	 2 	 1 	 3 	 4 	 0.006639
205 	 1 	 1 	 2 	 2 	 0 	 2 	 3 	 1 	 4 	 0.006639
293 	 1 	 2 	 1 	 2 	 2 	 0 	 3 	 4 	 1 	 0.006639
505 	 2 	 1 	 1 	 2 	 2 	 0 	 4 	 3 	 1 	 0.006639
802 	 2 	 2 	 4 	 1 	 2 	 1 	 1 	 4 	 5 	 -0.006605
832 	 2 	 2 	 4 	 2 	 1 	 1 	 4 	 1 	 5 	 -0.006605
332 	 1 	 2 	 3 	 1 	 1 	 2 	 2 	 3 	 5 	 0.006578
544 	 2 	 1 	 3 	 1 	 1 	 2 	 3 	 2 	 5 	 0.006578
847 	 2 	 2 	 4 	 2 	 1 	 3 	 4 	 3 	 7 	 0.006477
820 	 2 	 2 	 4 	 1 	 2 	 3 	 3 	 4 	 7 	 0.006477
620 	 2 	 2 	 0 	 1 	 0 	 1 	 1 	 2 	 1 	 -0.006349
615 	 2 	 2 	 0 	 0 	 1 	 1 	 2 	 1 	 1 	 -0.006349
55 	 0 	 2 	 2 	 1 	 0 	 1 	 1 	 2 	 1 	 -0.006349
57 	 0 	 2 	 2 	 1 	 1 	 0 	 1 	 1 	 2 	 -0.006349
403 	 2 	 0 	 2 	 0 	 1 	 1 	 2 	 1 	 1 	 -0.006349
410 	 2 	 0 	 2 	 1 	 1 	 0 	 1 	 1 	 2 	 -0.006349
685 	 2 	 2 	 2 	 1 	 1 	 2 	 1 	 3 	 2 	 0.006322
723 	 2 	 2 	 2 	 2 	 1 	 1 	 2 	 3 	 1 	 0.006322
722 	 2 	 2 	 2 	 2 	 1 	 1 	 2 	 1 	 3 	 0.006322
697 	 2 	 2 	 2 	 1 	 2 	 1 	 3 	 2 	 1 	 0.006322
694 	 2 	 2 	 2 	 1 	 2 	 1 	 1 	 2 	 3 	 0.006322
687 	 2 	 2 	 2 	 1 	 1 	 2 	 3 	 1 	 2 	 0.006322
536 	 2 	 1 	 3 	 1 	 1 	 0 	 3 	 0 	 3 	 -0.006298
323 	 1 	 2 	 3 	 1 	 1 	 0 	 0 	 3 	 3 	 -0.006298
346 	 1 	 2 	 3 	 1 	 2 	 3 	 2 	 2 	 4 	 0.006284
579 	 2 	 1 	 3 	 2 	 1 	 3 	 2 	 2 	 4 	 0.006284
760 	 2 	 2 	 2 	 2 	 2 	 2 	 4 	 4 	 4 	 0.006236
607 	 2 	 1 	 3 	 2 	 2 	 4 	 2 	 3 	 5 	 0.006152
397 	 1 	 2 	 3 	 2 	 2 	 4 	 3 	 2 	 5 	 0.006152
756 	 2 	 2 	 2 	 2 	 2 	 2 	 4 	 2 	 2 	 0.005947
752 	 2 	 2 	 2 	 2 	 2 	 2 	 2 	 2 	 4 	 0.005947
753 	 2 	 2 	 2 	 2 	 2 	 2 	 2 	 4 	 2 	 0.005947
168 	 1 	 1 	 0 	 2 	 2 	 4 	 3 	 3 	 4 	 0.005885
344 	 1 	 2 	 3 	 1 	 2 	 3 	 2 	 2 	 0 	 0.005878
577 	 2 	 1 	 3 	 2 	 1 	 3 	 2 	 2 	 0 	 0.005878
466 	 2 	 1 	 1 	 1 	 1 	 2 	 1 	 0 	 1 	 -0.005796
189 	 1 	 1 	 2 	 1 	 2 	 1 	 0 	 1 	 1 	 -0.005796
254 	 1 	 2 	 1 	 1 	 1 	 2 	 0 	 1 	 1 	 -0.005796
206 	 1 	 1 	 2 	 2 	 1 	 1 	 1 	 0 	 1 	 -0.005796
277 	 1 	 2 	 1 	 2 	 1 	 1 	 1 	 1 	 0 	 -0.005796
472 	 2 	 1 	 1 	 1 	 2 	 1 	 1 	 1 	 0 	 -0.005796
336 	 1 	 2 	 3 	 1 	 2 	 1 	 2 	 2 	 2 	 0.005794
569 	 2 	 1 	 3 	 2 	 1 	 1 	 2 	 2 	 2 	 0.005794
329 	 1 	 2 	 3 	 1 	 1 	 2 	 2 	 1 	 3 	 0.005760
540 	 2 	 1 	 3 	 1 	 1 	 2 	 1 	 2 	 3 	 0.005760
809 	 2 	 2 	 4 	 1 	 2 	 3 	 1 	 2 	 1 	 -0.005737
837 	 2 	 2 	 4 	 2 	 1 	 3 	 2 	 1 	 1 	 -0.005737
564 	 2 	 1 	 3 	 2 	 0 	 2 	 2 	 1 	 3 	 0.005598
317 	 1 	 2 	 3 	 0 	 2 	 2 	 1 	 2 	 3 	 0.005598
253 	 1 	 2 	 1 	 1 	 1 	 0 	 2 	 3 	 1 	 0.005577
243 	 1 	 2 	 1 	 0 	 1 	 1 	 1 	 3 	 2 	 0.005577
465 	 2 	 1 	 1 	 1 	 1 	 0 	 3 	 2 	 1 	 0.005577
462 	 2 	 1 	 1 	 1 	 0 	 1 	 3 	 1 	 2 	 0.005577
172 	 1 	 1 	 2 	 0 	 1 	 1 	 1 	 2 	 3 	 0.005577
179 	 1 	 1 	 2 	 1 	 0 	 1 	 2 	 1 	 3 	 0.005577
303 	 1 	 2 	 1 	 2 	 2 	 4 	 1 	 2 	 3 	 -0.005498
516 	 2 	 1 	 1 	 2 	 2 	 4 	 2 	 1 	 3 	 -0.005498
777 	 2 	 2 	 4 	 0 	 1 	 1 	 2 	 1 	 3 	 0.005442
786 	 2 	 2 	 4 	 1 	 0 	 1 	 1 	 2 	 3 	 0.005442
587 	 2 	 1 	 3 	 2 	 2 	 0 	 4 	 1 	 3 	 -0.005421
373 	 1 	 2 	 3 	 2 	 2 	 0 	 1 	 4 	 3 	 -0.005421
566 	 2 	 1 	 3 	 2 	 0 	 2 	 4 	 1 	 5 	 0.005372
319 	 1 	 2 	 3 	 0 	 2 	 2 	 1 	 4 	 5 	 0.005372
433 	 2 	 0 	 2 	 2 	 1 	 3 	 2 	 1 	 1 	 -0.005366
68 	 0 	 2 	 2 	 1 	 2 	 3 	 1 	 2 	 1 	 -0.005366
438 	 2 	 0 	 2 	 2 	 2 	 0 	 2 	 2 	 2 	 -0.005366
85 	 0 	 2 	 2 	 2 	 2 	 0 	 2 	 2 	 2 	 -0.005366
619 	 2 	 2 	 0 	 0 	 2 	 2 	 2 	 4 	 2 	 0.005366
73 	 0 	 2 	 2 	 2 	 0 	 2 	 2 	 2 	 2 	 -0.005366
618 	 2 	 2 	 0 	 0 	 2 	 2 	 2 	 2 	 2 	 -0.005366
638 	 2 	 2 	 0 	 2 	 0 	 2 	 2 	 2 	 2 	 -0.005366
86 	 0 	 2 	 2 	 2 	 2 	 0 	 2 	 4 	 2 	 0.005366
406 	 2 	 0 	 2 	 0 	 2 	 2 	 2 	 2 	 2 	 -0.005366
407 	 2 	 0 	 2 	 0 	 2 	 2 	 2 	 2 	 4 	 0.005366
439 	 2 	 0 	 2 	 2 	 2 	 0 	 4 	 2 	 2 	 0.005366
74 	 0 	 2 	 2 	 2 	 0 	 2 	 2 	 2 	 4 	 0.005366
639 	 2 	 2 	 0 	 2 	 0 	 2 	 4 	 2 	 2 	 0.005366
229 	 1 	 1 	 2 	 2 	 2 	 2 	 3 	 3 	 0 	 0.005323
298 	 1 	 2 	 1 	 2 	 2 	 2 	 3 	 0 	 3 	 0.005323
507 	 2 	 1 	 1 	 2 	 2 	 2 	 0 	 3 	 3 	 0.005323
665 	 2 	 2 	 2 	 0 	 1 	 1 	 2 	 1 	 1 	 0.005312
679 	 2 	 2 	 2 	 1 	 1 	 0 	 1 	 1 	 2 	 0.005312
675 	 2 	 2 	 2 	 1 	 0 	 1 	 1 	 2 	 1 	 0.005312
799 	 2 	 2 	 4 	 1 	 1 	 2 	 3 	 3 	 6 	 0.005172
393 	 1 	 2 	 3 	 2 	 2 	 4 	 1 	 4 	 5 	 0.005168
609 	 2 	 1 	 3 	 2 	 2 	 4 	 4 	 1 	 5 	 0.005168
58 	 0 	 2 	 2 	 1 	 1 	 0 	 1 	 3 	 2 	 0.005091
56 	 0 	 2 	 2 	 1 	 0 	 1 	 1 	 2 	 3 	 0.005091
404 	 2 	 0 	 2 	 0 	 1 	 1 	 2 	 1 	 3 	 0.005091
616 	 2 	 2 	 0 	 0 	 1 	 1 	 2 	 3 	 1 	 0.005091
621 	 2 	 2 	 0 	 1 	 0 	 1 	 3 	 2 	 1 	 0.005091
411 	 2 	 0 	 2 	 1 	 1 	 0 	 3 	 1 	 2 	 0.005091
388 	 1 	 2 	 3 	 2 	 2 	 2 	 3 	 4 	 5 	 0.005031
600 	 2 	 1 	 3 	 2 	 2 	 2 	 4 	 3 	 5 	 0.005031
501 	 2 	 1 	 1 	 2 	 1 	 3 	 4 	 2 	 4 	 0.005014
272 	 1 	 2 	 1 	 1 	 2 	 3 	 2 	 4 	 4 	 0.005014
365 	 1 	 2 	 3 	 2 	 1 	 3 	 1 	 3 	 4 	 0.004968
557 	 2 	 1 	 3 	 1 	 2 	 3 	 3 	 1 	 4 	 0.004968
367 	 1 	 2 	 3 	 2 	 1 	 3 	 3 	 1 	 4 	 0.004968
555 	 2 	 1 	 3 	 1 	 2 	 3 	 1 	 3 	 4 	 0.004968
775 	 2 	 2 	 2 	 2 	 2 	 4 	 4 	 4 	 6 	 0.004789
568 	 2 	 1 	 3 	 2 	 1 	 1 	 2 	 0 	 2 	 -0.004713
333 	 1 	 2 	 3 	 1 	 2 	 1 	 0 	 2 	 2 	 -0.004713
874 	 2 	 2 	 4 	 2 	 2 	 4 	 2 	 2 	 2 	 0.004693
739 	 2 	 2 	 2 	 2 	 1 	 3 	 4 	 3 	 5 	 0.004611
712 	 2 	 2 	 2 	 1 	 2 	 3 	 3 	 4 	 5 	 0.004611
324 	 1 	 2 	 3 	 1 	 1 	 0 	 2 	 1 	 3 	 -0.004553
535 	 2 	 1 	 3 	 1 	 1 	 0 	 1 	 2 	 3 	 -0.004553
164 	 1 	 1 	 0 	 2 	 2 	 2 	 3 	 1 	 2 	 -0.004535
163 	 1 	 1 	 0 	 2 	 2 	 2 	 1 	 3 	 2 	 -0.004535
44 	 0 	 1 	 1 	 2 	 2 	 2 	 2 	 3 	 1 	 -0.004535
129 	 1 	 0 	 1 	 2 	 2 	 2 	 3 	 2 	 1 	 -0.004535
128 	 1 	 0 	 1 	 2 	 2 	 2 	 1 	 2 	 3 	 -0.004535
43 	 0 	 1 	 1 	 2 	 2 	 2 	 2 	 1 	 3 	 -0.004535
471 	 2 	 1 	 1 	 1 	 1 	 2 	 3 	 2 	 3 	 0.004535
259 	 1 	 2 	 1 	 1 	 1 	 2 	 2 	 3 	 3 	 0.004535
194 	 1 	 1 	 2 	 1 	 2 	 1 	 2 	 3 	 3 	 0.004535
211 	 1 	 1 	 2 	 2 	 1 	 1 	 3 	 2 	 3 	 0.004535
282 	 1 	 2 	 1 	 2 	 1 	 1 	 3 	 3 	 2 	 0.004535
477 	 2 	 1 	 1 	 1 	 2 	 1 	 3 	 3 	 2 	 0.004535
614 	 2 	 2 	 0 	 0 	 0 	 0 	 2 	 2 	 0 	 0.004490
402 	 2 	 0 	 2 	 0 	 0 	 0 	 2 	 0 	 2 	 0.004490
49 	 0 	 2 	 2 	 0 	 0 	 0 	 0 	 2 	 2 	 0.004490
531 	 2 	 1 	 3 	 0 	 2 	 2 	 2 	 3 	 5 	 0.004476
354 	 1 	 2 	 3 	 2 	 0 	 2 	 3 	 2 	 5 	 0.004476
522 	 2 	 1 	 1 	 2 	 2 	 4 	 4 	 3 	 5 	 0.004313
310 	 1 	 2 	 1 	 2 	 2 	 4 	 3 	 4 	 5 	 0.004313
878 	 2 	 2 	 4 	 2 	 2 	 4 	 2 	 4 	 6 	 0.004283
882 	 2 	 2 	 4 	 2 	 2 	 4 	 4 	 2 	 6 	 0.004283
691 	 2 	 2 	 2 	 1 	 1 	 2 	 3 	 3 	 4 	 0.004280
700 	 2 	 2 	 2 	 1 	 2 	 1 	 3 	 4 	 3 	 0.004280
727 	 2 	 2 	 2 	 2 	 1 	 1 	 4 	 3 	 3 	 0.004280
841 	 2 	 2 	 4 	 2 	 1 	 3 	 2 	 3 	 5 	 0.004203
816 	 2 	 2 	 4 	 1 	 2 	 3 	 3 	 2 	 5 	 0.004203
534 	 2 	 1 	 3 	 1 	 0 	 1 	 3 	 1 	 4 	 0.004199
314 	 1 	 2 	 3 	 0 	 1 	 1 	 1 	 3 	 4 	 0.004199
419 	 2 	 0 	 2 	 1 	 2 	 1 	 3 	 2 	 3 	 0.004140
627 	 2 	 2 	 0 	 1 	 1 	 2 	 3 	 3 	 2 	 0.004140
78 	 0 	 2 	 2 	 2 	 1 	 1 	 2 	 3 	 3 	 0.004140
804 	 2 	 2 	 4 	 1 	 2 	 1 	 3 	 2 	 3 	 0.004127
829 	 2 	 2 	 4 	 2 	 1 	 1 	 2 	 3 	 3 	 0.004127
197 	 1 	 1 	 2 	 1 	 2 	 3 	 2 	 1 	 1 	 -0.004115
283 	 1 	 2 	 1 	 2 	 1 	 3 	 1 	 1 	 2 	 -0.004115
478 	 2 	 1 	 1 	 1 	 2 	 3 	 1 	 1 	 2 	 -0.004115
213 	 1 	 1 	 2 	 2 	 1 	 3 	 1 	 2 	 1 	 -0.004115
91 	 0 	 2 	 2 	 2 	 2 	 2 	 2 	 4 	 2 	 -0.004098
90 	 0 	 2 	 2 	 2 	 2 	 2 	 2 	 2 	 4 	 -0.004098
443 	 2 	 0 	 2 	 2 	 2 	 2 	 2 	 2 	 4 	 -0.004098
656 	 2 	 2 	 0 	 2 	 2 	 2 	 4 	 2 	 2 	 -0.004098
655 	 2 	 2 	 0 	 2 	 2 	 2 	 2 	 4 	 2 	 -0.004098
659 	 2 	 2 	 0 	 2 	 2 	 4 	 2 	 2 	 4 	 0.004098
444 	 2 	 0 	 2 	 2 	 2 	 2 	 4 	 2 	 2 	 -0.004098
289 	 1 	 2 	 1 	 2 	 1 	 3 	 3 	 3 	 4 	 0.004077
484 	 2 	 1 	 1 	 1 	 2 	 3 	 3 	 3 	 4 	 0.004077
295 	 1 	 2 	 1 	 2 	 2 	 2 	 1 	 2 	 1 	 0.004000
224 	 1 	 1 	 2 	 2 	 2 	 2 	 1 	 1 	 2 	 0.004000
508 	 2 	 1 	 1 	 2 	 2 	 2 	 2 	 1 	 1 	 0.004000
794 	 2 	 2 	 4 	 1 	 1 	 2 	 1 	 3 	 4 	 0.003968
796 	 2 	 2 	 4 	 1 	 1 	 2 	 3 	 1 	 4 	 0.003968
351 	 1 	 2 	 3 	 2 	 0 	 2 	 1 	 2 	 3 	 0.003919
528 	 2 	 1 	 3 	 0 	 2 	 2 	 2 	 1 	 3 	 0.003919
768 	 2 	 2 	 2 	 2 	 2 	 4 	 2 	 4 	 6 	 -0.003831
772 	 2 	 2 	 2 	 2 	 2 	 4 	 4 	 2 	 6 	 -0.003831
115 	 1 	 0 	 1 	 1 	 2 	 3 	 2 	 2 	 2 	 -0.003810
38 	 0 	 1 	 1 	 2 	 1 	 3 	 2 	 2 	 2 	 -0.003810
785 	 2 	 2 	 4 	 0 	 2 	 2 	 2 	 4 	 6 	 0.003740
826 	 2 	 2 	 4 	 2 	 0 	 2 	 4 	 2 	 6 	 0.003740
636 	 2 	 2 	 0 	 1 	 2 	 3 	 3 	 4 	 3 	 0.003722
648 	 2 	 2 	 0 	 2 	 1 	 3 	 4 	 3 	 3 	 0.003722
526 	 2 	 1 	 3 	 0 	 1 	 1 	 2 	 2 	 4 	 0.003718
322 	 1 	 2 	 3 	 1 	 0 	 1 	 2 	 2 	 4 	 0.003718
593 	 2 	 1 	 3 	 2 	 2 	 2 	 2 	 3 	 1 	 -0.003687
383 	 1 	 2 	 3 	 2 	 2 	 2 	 3 	 2 	 1 	 -0.003687
375 	 1 	 2 	 3 	 2 	 2 	 0 	 3 	 2 	 3 	 -0.003599
586 	 2 	 1 	 3 	 2 	 2 	 0 	 2 	 3 	 3 	 -0.003599
718 	 2 	 2 	 2 	 2 	 0 	 2 	 4 	 2 	 4 	 0.003581
674 	 2 	 2 	 2 	 0 	 2 	 2 	 2 	 4 	 4 	 0.003581
745 	 2 	 2 	 2 	 2 	 2 	 0 	 4 	 4 	 2 	 0.003581
868 	 2 	 2 	 4 	 2 	 2 	 2 	 4 	 4 	 6 	 0.003569
226 	 1 	 1 	 2 	 2 	 2 	 2 	 1 	 3 	 4 	 -0.003549
513 	 2 	 1 	 1 	 2 	 2 	 2 	 4 	 3 	 1 	 -0.003549
297 	 1 	 2 	 1 	 2 	 2 	 2 	 1 	 4 	 3 	 -0.003549
228 	 1 	 1 	 2 	 2 	 2 	 2 	 3 	 1 	 4 	 -0.003549
301 	 1 	 2 	 1 	 2 	 2 	 2 	 3 	 4 	 1 	 -0.003549
512 	 2 	 1 	 1 	 2 	 2 	 2 	 4 	 1 	 3 	 -0.003549
843 	 2 	 2 	 4 	 2 	 1 	 3 	 4 	 1 	 5 	 0.003531
812 	 2 	 2 	 4 	 1 	 2 	 3 	 1 	 4 	 5 	 0.003531
789 	 2 	 2 	 4 	 1 	 1 	 0 	 1 	 3 	 4 	 -0.003513
790 	 2 	 2 	 4 	 1 	 1 	 0 	 3 	 1 	 4 	 -0.003513
765 	 2 	 2 	 2 	 2 	 2 	 4 	 2 	 2 	 4 	 0.003498
423 	 2 	 0 	 2 	 1 	 2 	 3 	 3 	 2 	 3 	 -0.003442
82 	 0 	 2 	 2 	 2 	 1 	 3 	 2 	 3 	 3 	 -0.003442
385 	 1 	 2 	 3 	 2 	 2 	 2 	 3 	 2 	 5 	 -0.003418
595 	 2 	 1 	 3 	 2 	 2 	 2 	 2 	 3 	 5 	 -0.003418
823 	 2 	 2 	 4 	 2 	 0 	 2 	 2 	 2 	 4 	 0.003415
782 	 2 	 2 	 4 	 0 	 2 	 2 	 2 	 2 	 4 	 0.003415
707 	 2 	 2 	 2 	 1 	 2 	 3 	 3 	 2 	 1 	 -0.003379
732 	 2 	 2 	 2 	 2 	 1 	 3 	 2 	 3 	 1 	 -0.003379
452 	 2 	 1 	 1 	 0 	 0 	 0 	 2 	 1 	 1 	 0.003346
169 	 1 	 1 	 2 	 0 	 0 	 0 	 1 	 1 	 2 	 0.003346
240 	 1 	 2 	 1 	 0 	 0 	 0 	 1 	 2 	 1 	 0.003346
339 	 1 	 2 	 3 	 1 	 2 	 1 	 2 	 4 	 4 	 0.003282
573 	 2 	 1 	 3 	 2 	 1 	 1 	 4 	 2 	 4 	 0.003282
720 	 2 	 2 	 2 	 2 	 1 	 1 	 0 	 3 	 3 	 0.003194
696 	 2 	 2 	 2 	 1 	 2 	 1 	 3 	 0 	 3 	 0.003194
689 	 2 	 2 	 2 	 1 	 1 	 2 	 3 	 3 	 0 	 0.003194
250 	 1 	 2 	 1 	 1 	 0 	 1 	 2 	 2 	 2 	 0.003187
182 	 1 	 1 	 2 	 1 	 1 	 0 	 2 	 2 	 2 	 0.003187
455 	 2 	 1 	 1 	 0 	 1 	 1 	 2 	 2 	 2 	 0.003187
734 	 2 	 2 	 2 	 2 	 1 	 3 	 2 	 3 	 5 	 -0.003133
709 	 2 	 2 	 2 	 1 	 2 	 3 	 3 	 2 	 5 	 -0.003133
682 	 2 	 2 	 2 	 1 	 1 	 0 	 3 	 3 	 2 	 0.003129
678 	 2 	 2 	 2 	 1 	 0 	 1 	 3 	 2 	 3 	 0.003129
668 	 2 	 2 	 2 	 0 	 1 	 1 	 2 	 3 	 3 	 0.003129
222 	 1 	 1 	 2 	 2 	 2 	 0 	 3 	 3 	 2 	 0.003086
459 	 2 	 1 	 1 	 0 	 2 	 2 	 2 	 3 	 3 	 0.003086
276 	 1 	 2 	 1 	 2 	 0 	 2 	 3 	 2 	 3 	 0.003086
556 	 2 	 1 	 3 	 1 	 2 	 3 	 3 	 1 	 2 	 -0.003079
364 	 1 	 2 	 3 	 2 	 1 	 3 	 1 	 3 	 2 	 -0.003079
366 	 1 	 2 	 3 	 2 	 1 	 3 	 3 	 1 	 2 	 -0.003079
554 	 2 	 1 	 3 	 1 	 2 	 3 	 1 	 3 	 2 	 -0.003079
442 	 2 	 0 	 2 	 2 	 2 	 2 	 2 	 2 	 2 	 -0.003073
89 	 0 	 2 	 2 	 2 	 2 	 2 	 2 	 2 	 2 	 -0.003073
654 	 2 	 2 	 0 	 2 	 2 	 2 	 2 	 2 	 2 	 -0.003073
663 	 2 	 2 	 0 	 2 	 2 	 4 	 4 	 4 	 4 	 0.003044
379 	 1 	 2 	 3 	 2 	 2 	 2 	 1 	 2 	 3 	 0.002992
592 	 2 	 1 	 3 	 2 	 2 	 2 	 2 	 1 	 3 	 0.002992
308 	 1 	 2 	 1 	 2 	 2 	 4 	 3 	 2 	 5 	 -0.002930
518 	 2 	 1 	 1 	 2 	 2 	 4 	 2 	 3 	 5 	 -0.002930
779 	 2 	 2 	 4 	 0 	 1 	 1 	 2 	 3 	 5 	 0.002901
788 	 2 	 2 	 4 	 1 	 0 	 1 	 3 	 2 	 5 	 0.002901
597 	 2 	 1 	 3 	 2 	 2 	 2 	 4 	 1 	 5 	 -0.002871
381 	 1 	 2 	 3 	 2 	 2 	 2 	 1 	 4 	 5 	 -0.002871
632 	 2 	 2 	 0 	 1 	 2 	 3 	 1 	 2 	 3 	 0.002868
645 	 2 	 2 	 0 	 2 	 1 	 3 	 2 	 1 	 3 	 0.002868
865 	 2 	 2 	 4 	 2 	 2 	 2 	 4 	 2 	 6 	 -0.002856
861 	 2 	 2 	 4 	 2 	 2 	 2 	 2 	 4 	 6 	 -0.002856
703 	 2 	 2 	 2 	 1 	 2 	 3 	 1 	 2 	 3 	 0.002743
731 	 2 	 2 	 2 	 2 	 1 	 3 	 2 	 1 	 3 	 0.002743
757 	 2 	 2 	 2 	 2 	 2 	 2 	 4 	 2 	 4 	 0.002735
759 	 2 	 2 	 2 	 2 	 2 	 2 	 4 	 4 	 2 	 0.002735
754 	 2 	 2 	 2 	 2 	 2 	 2 	 2 	 4 	 4 	 0.002735
490 	 2 	 1 	 1 	 2 	 1 	 1 	 0 	 2 	 2 	 0.002694
545 	 2 	 1 	 3 	 1 	 2 	 1 	 1 	 1 	 2 	 -0.002694
355 	 1 	 2 	 3 	 2 	 1 	 1 	 1 	 1 	 2 	 -0.002694
262 	 1 	 2 	 1 	 1 	 2 	 1 	 2 	 0 	 2 	 0.002694
186 	 1 	 1 	 2 	 1 	 1 	 2 	 2 	 2 	 0 	 0.002694
539 	 2 	 1 	 3 	 1 	 1 	 2 	 1 	 2 	 1 	 -0.002694
328 	 1 	 2 	 3 	 1 	 1 	 2 	 2 	 1 	 1 	 -0.002694
850 	 2 	 2 	 4 	 2 	 2 	 0 	 2 	 4 	 4 	 -0.002669
852 	 2 	 2 	 4 	 2 	 2 	 0 	 4 	 2 	 4 	 -0.002669
551 	 2 	 1 	 3 	 1 	 2 	 1 	 3 	 3 	 4 	 0.002669
361 	 1 	 2 	 3 	 2 	 1 	 1 	 3 	 3 	 4 	 0.002669
736 	 2 	 2 	 2 	 2 	 1 	 3 	 4 	 1 	 5 	 -0.002632
705 	 2 	 2 	 2 	 1 	 2 	 3 	 1 	 4 	 5 	 -0.002632
563 	 2 	 1 	 3 	 2 	 0 	 2 	 2 	 1 	 1 	 -0.002618
316 	 1 	 2 	 3 	 0 	 2 	 2 	 1 	 2 	 1 	 -0.002618
858 	 2 	 2 	 4 	 2 	 2 	 2 	 2 	 2 	 4 	 0.002607
24 	 0 	 1 	 1 	 1 	 1 	 2 	 1 	 2 	 1 	 -0.002592
27 	 0 	 1 	 1 	 1 	 2 	 1 	 1 	 1 	 2 	 -0.002592
109 	 1 	 0 	 1 	 1 	 1 	 2 	 2 	 1 	 1 	 -0.002592
120 	 1 	 0 	 1 	 2 	 1 	 1 	 1 	 1 	 2 	 -0.002592
155 	 1 	 1 	 0 	 2 	 1 	 1 	 1 	 2 	 1 	 -0.002592
147 	 1 	 1 	 0 	 1 	 2 	 1 	 2 	 1 	 1 	 -0.002592
270 	 1 	 2 	 1 	 1 	 2 	 3 	 2 	 2 	 4 	 -0.002566
498 	 2 	 1 	 1 	 2 	 1 	 3 	 2 	 2 	 4 	 -0.002566
578 	 2 	 1 	 3 	 2 	 1 	 3 	 2 	 2 	 2 	 0.002514
345 	 1 	 2 	 3 	 1 	 2 	 3 	 2 	 2 	 2 	 0.002514
800 	 2 	 2 	 4 	 1 	 2 	 1 	 1 	 2 	 3 	 -0.002459
828 	 2 	 2 	 4 	 2 	 1 	 1 	 2 	 1 	 3 	 -0.002459
781 	 2 	 2 	 4 	 0 	 2 	 2 	 2 	 2 	 2 	 -0.002459
822 	 2 	 2 	 4 	 2 	 0 	 2 	 2 	 2 	 2 	 -0.002459
288 	 1 	 2 	 1 	 2 	 1 	 3 	 3 	 3 	 2 	 -0.002424
483 	 2 	 1 	 1 	 1 	 2 	 3 	 3 	 3 	 2 	 -0.002424
693 	 2 	 2 	 2 	 1 	 2 	 1 	 1 	 2 	 1 	 0.002400
721 	 2 	 2 	 2 	 2 	 1 	 1 	 2 	 1 	 1 	 0.002400
684 	 2 	 2 	 2 	 1 	 1 	 2 	 1 	 1 	 2 	 0.002400
230 	 1 	 1 	 2 	 2 	 2 	 2 	 3 	 3 	 2 	 0.002356
300 	 1 	 2 	 1 	 2 	 2 	 2 	 3 	 2 	 3 	 0.002356
511 	 2 	 1 	 1 	 2 	 2 	 2 	 2 	 3 	 3 	 0.002356
430 	 2 	 0 	 2 	 2 	 1 	 1 	 2 	 1 	 3 	 -0.002300
61 	 0 	 2 	 2 	 1 	 1 	 2 	 1 	 3 	 2 	 -0.002300
642 	 2 	 2 	 0 	 2 	 1 	 1 	 2 	 3 	 1 	 -0.002300
630 	 2 	 2 	 0 	 1 	 2 	 1 	 3 	 2 	 1 	 -0.002300
65 	 0 	 2 	 2 	 1 	 2 	 1 	 1 	 2 	 3 	 -0.002300
414 	 2 	 0 	 2 	 1 	 1 	 2 	 3 	 1 	 2 	 -0.002300
311 	 1 	 2 	 3 	 0 	 0 	 0 	 1 	 2 	 3 	 0.002191
523 	 2 	 1 	 3 	 0 	 0 	 0 	 2 	 1 	 3 	 0.002191
97 	 0 	 2 	 2 	 2 	 2 	 4 	 2 	 4 	 4 	 -0.002184
450 	 2 	 0 	 2 	 2 	 2 	 4 	 4 	 2 	 4 	 -0.002184
725 	 2 	 2 	 2 	 2 	 1 	 1 	 4 	 1 	 3 	 -0.002129
726 	 2 	 2 	 2 	 2 	 1 	 1 	 4 	 3 	 1 	 -0.002129
695 	 2 	 2 	 2 	 1 	 2 	 1 	 1 	 4 	 3 	 -0.002129
686 	 2 	 2 	 2 	 1 	 1 	 2 	 1 	 3 	 4 	 -0.002129
688 	 2 	 2 	 2 	 1 	 1 	 2 	 3 	 1 	 4 	 -0.002129
699 	 2 	 2 	 2 	 1 	 2 	 1 	 3 	 4 	 1 	 -0.002129
287 	 1 	 2 	 1 	 2 	 1 	 3 	 3 	 1 	 4 	 -0.002028
480 	 2 	 1 	 1 	 1 	 2 	 3 	 1 	 3 	 4 	 -0.002028
624 	 2 	 2 	 0 	 1 	 1 	 2 	 1 	 1 	 2 	 0.002008
75 	 0 	 2 	 2 	 2 	 1 	 1 	 2 	 1 	 1 	 0.002008
416 	 2 	 0 	 2 	 1 	 2 	 1 	 1 	 2 	 1 	 0.002008
664 	 2 	 2 	 2 	 0 	 0 	 0 	 2 	 2 	 2 	 0.002008
325 	 1 	 2 	 3 	 1 	 1 	 0 	 2 	 3 	 3 	 0.001951
537 	 2 	 1 	 3 	 1 	 1 	 0 	 3 	 2 	 3 	 0.001951
132 	 1 	 0 	 1 	 2 	 2 	 4 	 3 	 2 	 3 	 -0.001944
47 	 0 	 1 	 1 	 2 	 2 	 4 	 2 	 3 	 3 	 -0.001944
807 	 2 	 2 	 4 	 1 	 2 	 1 	 3 	 4 	 5 	 0.001929
834 	 2 	 2 	 4 	 2 	 1 	 1 	 4 	 3 	 5 	 0.001929
605 	 2 	 1 	 3 	 2 	 2 	 4 	 2 	 3 	 1 	 0.001924
395 	 1 	 2 	 3 	 2 	 2 	 4 	 3 	 2 	 1 	 0.001924
673 	 2 	 2 	 2 	 0 	 2 	 2 	 2 	 4 	 2 	 -0.001833
744 	 2 	 2 	 2 	 2 	 2 	 0 	 4 	 2 	 2 	 -0.001833
716 	 2 	 2 	 2 	 2 	 0 	 2 	 2 	 2 	 4 	 -0.001833
717 	 2 	 2 	 2 	 2 	 0 	 2 	 4 	 2 	 2 	 -0.001833
743 	 2 	 2 	 2 	 2 	 2 	 0 	 2 	 4 	 2 	 -0.001833
672 	 2 	 2 	 2 	 0 	 2 	 2 	 2 	 2 	 4 	 -0.001833
588 	 2 	 1 	 3 	 2 	 2 	 0 	 4 	 3 	 3 	 0.001816
376 	 1 	 2 	 3 	 2 	 2 	 0 	 3 	 4 	 3 	 0.001816
470 	 2 	 1 	 1 	 1 	 1 	 2 	 3 	 2 	 1 	 -0.001764
279 	 1 	 2 	 1 	 2 	 1 	 1 	 1 	 3 	 2 	 -0.001764
208 	 1 	 1 	 2 	 2 	 1 	 1 	 1 	 2 	 3 	 -0.001764
475 	 2 	 1 	 1 	 1 	 2 	 1 	 3 	 1 	 2 	 -0.001764
258 	 1 	 2 	 1 	 1 	 1 	 2 	 2 	 3 	 1 	 -0.001764
192 	 1 	 1 	 2 	 1 	 2 	 1 	 2 	 1 	 3 	 -0.001764
280 	 1 	 2 	 1 	 2 	 1 	 1 	 3 	 1 	 2 	 -0.001764
257 	 1 	 2 	 1 	 1 	 1 	 2 	 2 	 1 	 3 	 -0.001764
468 	 2 	 1 	 1 	 1 	 1 	 2 	 1 	 2 	 3 	 -0.001764
474 	 2 	 1 	 1 	 1 	 2 	 1 	 1 	 3 	 2 	 -0.001764
210 	 1 	 1 	 2 	 2 	 1 	 1 	 3 	 2 	 1 	 -0.001764
193 	 1 	 1 	 2 	 1 	 2 	 1 	 2 	 3 	 1 	 -0.001764
246 	 1 	 2 	 1 	 0 	 2 	 2 	 1 	 2 	 3 	 -0.001714
204 	 1 	 1 	 2 	 2 	 0 	 2 	 3 	 1 	 2 	 -0.001714
175 	 1 	 1 	 2 	 0 	 2 	 2 	 1 	 3 	 2 	 -0.001714
487 	 2 	 1 	 1 	 2 	 0 	 2 	 2 	 1 	 3 	 -0.001714
292 	 1 	 2 	 1 	 2 	 2 	 0 	 3 	 2 	 1 	 -0.001714
504 	 2 	 1 	 1 	 2 	 2 	 0 	 2 	 3 	 1 	 -0.001714
530 	 2 	 1 	 3 	 0 	 2 	 2 	 2 	 3 	 3 	 -0.001680
353 	 1 	 2 	 3 	 2 	 0 	 2 	 3 	 2 	 3 	 -0.001680
337 	 1 	 2 	 3 	 1 	 2 	 1 	 2 	 2 	 4 	 -0.001680
570 	 2 	 1 	 3 	 2 	 1 	 1 	 2 	 2 	 4 	 -0.001680
233 	 1 	 1 	 2 	 2 	 2 	 4 	 1 	 3 	 2 	 -0.001649
235 	 1 	 1 	 2 	 2 	 2 	 4 	 3 	 1 	 2 	 -0.001649
766 	 2 	 2 	 2 	 2 	 2 	 4 	 2 	 4 	 2 	 -0.001644
770 	 2 	 2 	 2 	 2 	 2 	 4 	 4 	 2 	 2 	 -0.001644
550 	 2 	 1 	 3 	 1 	 2 	 1 	 3 	 3 	 2 	 -0.001587
360 	 1 	 2 	 3 	 2 	 1 	 1 	 3 	 3 	 2 	 -0.001587
776 	 2 	 2 	 4 	 0 	 0 	 0 	 2 	 2 	 4 	 0.001497
273 	 1 	 2 	 1 	 2 	 0 	 2 	 1 	 2 	 1 	 0.001497
219 	 1 	 1 	 2 	 2 	 2 	 0 	 1 	 1 	 2 	 0.001497
456 	 2 	 1 	 1 	 0 	 2 	 2 	 2 	 1 	 1 	 0.001497
392 	 1 	 2 	 3 	 2 	 2 	 4 	 1 	 4 	 3 	 -0.001449
608 	 2 	 1 	 3 	 2 	 2 	 4 	 4 	 1 	 3 	 -0.001449
606 	 2 	 1 	 3 	 2 	 2 	 4 	 2 	 3 	 3 	 0.001443
396 	 1 	 2 	 3 	 2 	 2 	 4 	 3 	 2 	 3 	 0.001443
187 	 1 	 1 	 2 	 1 	 1 	 2 	 2 	 2 	 2 	 0.001440
264 	 1 	 2 	 1 	 1 	 2 	 1 	 2 	 2 	 2 	 0.001440
493 	 2 	 1 	 1 	 2 	 1 	 1 	 2 	 2 	 2 	 0.001440
767 	 2 	 2 	 2 	 2 	 2 	 4 	 2 	 4 	 4 	 0.001430
771 	 2 	 2 	 2 	 2 	 2 	 4 	 4 	 2 	 4 	 0.001430
724 	 2 	 2 	 2 	 2 	 1 	 1 	 2 	 3 	 3 	 0.001414
698 	 2 	 2 	 2 	 1 	 2 	 1 	 3 	 2 	 3 	 0.001414
690 	 2 	 2 	 2 	 1 	 1 	 2 	 3 	 3 	 2 	 0.001414
372 	 1 	 2 	 3 	 2 	 2 	 0 	 1 	 2 	 3 	 0.001400
585 	 2 	 1 	 3 	 2 	 2 	 0 	 2 	 1 	 3 	 0.001400
742 	 2 	 2 	 2 	 2 	 2 	 0 	 2 	 2 	 2 	 -0.001374
715 	 2 	 2 	 2 	 2 	 0 	 2 	 2 	 2 	 2 	 -0.001374
671 	 2 	 2 	 2 	 0 	 2 	 2 	 2 	 2 	 2 	 -0.001374
849 	 2 	 2 	 4 	 2 	 2 	 0 	 2 	 2 	 4 	 0.001366
357 	 1 	 2 	 3 	 2 	 1 	 1 	 1 	 3 	 4 	 -0.001328
549 	 2 	 1 	 3 	 1 	 2 	 1 	 3 	 1 	 4 	 -0.001328
814 	 2 	 2 	 4 	 1 	 2 	 3 	 3 	 2 	 1 	 0.001314
839 	 2 	 2 	 4 	 2 	 1 	 3 	 2 	 3 	 1 	 0.001314
830 	 2 	 2 	 4 	 2 	 1 	 1 	 2 	 3 	 5 	 -0.001310
805 	 2 	 2 	 4 	 1 	 2 	 1 	 3 	 2 	 5 	 -0.001310
386 	 1 	 2 	 3 	 2 	 2 	 2 	 3 	 4 	 1 	 0.001242
598 	 2 	 1 	 3 	 2 	 2 	 2 	 4 	 3 	 1 	 0.001242
435 	 2 	 0 	 2 	 2 	 1 	 3 	 4 	 1 	 3 	 -0.001234
70 	 0 	 2 	 2 	 1 	 2 	 3 	 1 	 4 	 3 	 -0.001234
863 	 2 	 2 	 4 	 2 	 2 	 2 	 4 	 2 	 2 	 -0.001226
859 	 2 	 2 	 4 	 2 	 2 	 2 	 2 	 4 	 2 	 -0.001226
681 	 2 	 2 	 2 	 1 	 1 	 0 	 3 	 1 	 2 	 -0.001217
680 	 2 	 2 	 2 	 1 	 1 	 0 	 1 	 3 	 2 	 -0.001217
666 	 2 	 2 	 2 	 0 	 1 	 1 	 2 	 1 	 3 	 -0.001217
676 	 2 	 2 	 2 	 1 	 0 	 1 	 1 	 2 	 3 	 -0.001217
667 	 2 	 2 	 2 	 0 	 1 	 1 	 2 	 3 	 1 	 -0.001217
677 	 2 	 2 	 2 	 1 	 0 	 1 	 3 	 2 	 1 	 -0.001217
309 	 1 	 2 	 1 	 2 	 2 	 4 	 3 	 4 	 3 	 -0.001189
521 	 2 	 1 	 1 	 2 	 2 	 4 	 4 	 3 	 3 	 -0.001189
791 	 2 	 2 	 4 	 1 	 1 	 0 	 3 	 3 	 4 	 0.001177
461 	 2 	 1 	 1 	 1 	 0 	 1 	 1 	 1 	 2 	 -0.001159
252 	 1 	 2 	 1 	 1 	 1 	 0 	 2 	 1 	 1 	 -0.001159
178 	 1 	 1 	 2 	 1 	 0 	 1 	 2 	 1 	 1 	 -0.001159
464 	 2 	 1 	 1 	 1 	 1 	 0 	 1 	 2 	 1 	 -0.001159
242 	 1 	 2 	 1 	 0 	 1 	 1 	 1 	 1 	 2 	 -0.001159
171 	 1 	 1 	 2 	 0 	 1 	 1 	 1 	 2 	 1 	 -0.001159
737 	 2 	 2 	 2 	 2 	 1 	 3 	 4 	 3 	 1 	 0.001138
710 	 2 	 2 	 2 	 1 	 2 	 3 	 3 	 4 	 1 	 0.001138
525 	 2 	 1 	 3 	 0 	 1 	 1 	 2 	 2 	 2 	 -0.001115
321 	 1 	 2 	 3 	 1 	 0 	 1 	 2 	 2 	 2 	 -0.001115
123 	 1 	 0 	 1 	 2 	 1 	 3 	 3 	 1 	 2 	 -0.001111
30 	 0 	 1 	 1 	 1 	 2 	 3 	 1 	 3 	 2 	 -0.001111
238 	 1 	 1 	 2 	 2 	 2 	 4 	 3 	 3 	 4 	 0.001081
864 	 2 	 2 	 4 	 2 	 2 	 2 	 4 	 2 	 4 	 0.001066
860 	 2 	 2 	 4 	 2 	 2 	 2 	 2 	 4 	 4 	 0.001066
368 	 1 	 2 	 3 	 2 	 1 	 3 	 3 	 3 	 0 	 -0.001065
558 	 2 	 1 	 3 	 1 	 2 	 3 	 3 	 3 	 0 	 -0.001065
853 	 2 	 2 	 4 	 2 	 2 	 0 	 4 	 4 	 4 	 0.001015
877 	 2 	 2 	 4 	 2 	 2 	 4 	 2 	 4 	 4 	 0.001001
881 	 2 	 2 	 4 	 2 	 2 	 4 	 4 	 2 	 4 	 0.001001
842 	 2 	 2 	 4 	 2 	 1 	 3 	 4 	 1 	 3 	 -0.000990
811 	 2 	 2 	 4 	 1 	 2 	 3 	 1 	 4 	 3 	 -0.000990
840 	 2 	 2 	 4 	 2 	 1 	 3 	 2 	 3 	 3 	 0.000986
815 	 2 	 2 	 4 	 1 	 2 	 3 	 3 	 2 	 3 	 0.000986
599 	 2 	 1 	 3 	 2 	 2 	 2 	 4 	 3 	 3 	 0.000971
387 	 1 	 2 	 3 	 2 	 2 	 2 	 3 	 4 	 3 	 0.000971
774 	 2 	 2 	 2 	 2 	 2 	 4 	 4 	 4 	 4 	 0.000945
284 	 1 	 2 	 1 	 2 	 1 	 3 	 1 	 3 	 2 	 0.000943
481 	 2 	 1 	 1 	 1 	 2 	 3 	 3 	 1 	 2 	 0.000943
199 	 1 	 1 	 2 	 1 	 2 	 3 	 2 	 3 	 1 	 0.000943
216 	 1 	 1 	 2 	 2 	 1 	 3 	 3 	 2 	 1 	 0.000943
217 	 1 	 1 	 2 	 2 	 1 	 3 	 3 	 2 	 3 	 0.000943
200 	 1 	 1 	 2 	 1 	 2 	 3 	 2 	 3 	 3 	 0.000943
711 	 2 	 2 	 2 	 1 	 2 	 3 	 3 	 4 	 3 	 0.000890
738 	 2 	 2 	 2 	 2 	 1 	 3 	 4 	 3 	 3 	 0.000890
81 	 0 	 2 	 2 	 2 	 1 	 3 	 2 	 3 	 1 	 0.000861
422 	 2 	 0 	 2 	 1 	 2 	 3 	 3 	 2 	 1 	 0.000861
773 	 2 	 2 	 2 	 2 	 2 	 4 	 4 	 4 	 2 	 0.000820
880 	 2 	 2 	 4 	 2 	 2 	 4 	 4 	 2 	 2 	 0.000782
876 	 2 	 2 	 4 	 2 	 2 	 4 	 2 	 4 	 2 	 0.000782
271 	 1 	 2 	 1 	 1 	 2 	 3 	 2 	 4 	 2 	 -0.000770
500 	 2 	 1 	 1 	 2 	 1 	 3 	 4 	 2 	 2 	 -0.000770
348 	 1 	 2 	 3 	 1 	 2 	 3 	 2 	 4 	 4 	 0.000744
582 	 2 	 1 	 3 	 2 	 1 	 3 	 4 	 2 	 4 	 0.000744
793 	 2 	 2 	 4 	 1 	 1 	 2 	 1 	 3 	 2 	 -0.000738
795 	 2 	 2 	 4 	 1 	 1 	 2 	 3 	 1 	 2 	 -0.000738
784 	 2 	 2 	 4 	 0 	 2 	 2 	 2 	 4 	 4 	 -0.000728
825 	 2 	 2 	 4 	 2 	 0 	 2 	 4 	 2 	 4 	 -0.000728
237 	 1 	 1 	 2 	 2 	 2 	 4 	 3 	 3 	 2 	 0.000707
867 	 2 	 2 	 4 	 2 	 2 	 2 	 4 	 4 	 4 	 0.000704
331 	 1 	 2 	 3 	 1 	 1 	 2 	 2 	 3 	 3 	 0.000617
543 	 2 	 1 	 3 	 1 	 1 	 2 	 3 	 2 	 3 	 0.000617
330 	 1 	 2 	 3 	 1 	 1 	 2 	 2 	 3 	 1 	 0.000617
542 	 2 	 1 	 3 	 1 	 1 	 2 	 3 	 2 	 1 	 0.000617
358 	 1 	 2 	 3 	 2 	 1 	 1 	 3 	 1 	 2 	 0.000617
546 	 2 	 1 	 3 	 1 	 2 	 1 	 1 	 3 	 2 	 0.000617
866 	 2 	 2 	 4 	 2 	 2 	 2 	 4 	 4 	 2 	 0.000612
565 	 2 	 1 	 3 	 2 	 0 	 2 	 4 	 1 	 3 	 -0.000602
318 	 1 	 2 	 3 	 0 	 2 	 2 	 1 	 4 	 3 	 -0.000602
304 	 1 	 2 	 1 	 2 	 2 	 4 	 1 	 4 	 3 	 0.000591
519 	 2 	 1 	 1 	 2 	 2 	 4 	 4 	 1 	 3 	 0.000591
833 	 2 	 2 	 4 	 2 	 1 	 1 	 4 	 3 	 3 	 -0.000532
806 	 2 	 2 	 4 	 1 	 2 	 1 	 3 	 4 	 3 	 -0.000532
338 	 1 	 2 	 3 	 1 	 2 	 1 	 2 	 4 	 2 	 -0.000504
572 	 2 	 1 	 3 	 2 	 1 	 1 	 4 	 2 	 2 	 -0.000504
798 	 2 	 2 	 4 	 1 	 1 	 2 	 3 	 3 	 4 	 0.000483
886 	 2 	 2 	 4 	 2 	 2 	 4 	 4 	 4 	 6 	 0.000476
612 	 2 	 1 	 3 	 2 	 2 	 4 	 4 	 3 	 5 	 0.000426
400 	 1 	 2 	 3 	 2 	 2 	 4 	 3 	 4 	 5 	 0.000426
529 	 2 	 1 	 3 	 0 	 2 	 2 	 2 	 3 	 1 	 0.000420
352 	 1 	 2 	 3 	 2 	 0 	 2 	 3 	 2 	 1 	 0.000420
581 	 2 	 1 	 3 	 2 	 1 	 3 	 4 	 2 	 2 	 0.000419
347 	 1 	 2 	 3 	 1 	 2 	 3 	 2 	 4 	 2 	 0.000419
778 	 2 	 2 	 4 	 0 	 1 	 1 	 2 	 3 	 3 	 -0.000389
787 	 2 	 2 	 4 	 1 	 0 	 1 	 3 	 2 	 3 	 -0.000389
559 	 2 	 1 	 3 	 1 	 2 	 3 	 3 	 3 	 2 	 -0.000330
369 	 1 	 2 	 3 	 2 	 1 	 3 	 3 	 3 	 2 	 -0.000330
313 	 1 	 2 	 3 	 0 	 1 	 1 	 1 	 3 	 2 	 -0.000325
533 	 2 	 1 	 3 	 1 	 0 	 1 	 3 	 1 	 2 	 -0.000325
594 	 2 	 1 	 3 	 2 	 2 	 2 	 2 	 3 	 3 	 0.000321
384 	 1 	 2 	 3 	 2 	 2 	 2 	 3 	 2 	 3 	 0.000321
797 	 2 	 2 	 4 	 1 	 1 	 2 	 3 	 3 	 2 	 0.000316
733 	 2 	 2 	 2 	 2 	 1 	 3 	 2 	 3 	 3 	 0.000294
708 	 2 	 2 	 2 	 1 	 2 	 3 	 3 	 2 	 3 	 0.000294
819 	 2 	 2 	 4 	 1 	 2 	 3 	 3 	 4 	 5 	 0.000291
846 	 2 	 2 	 4 	 2 	 1 	 3 	 4 	 3 	 5 	 0.000291
831 	 2 	 2 	 4 	 2 	 1 	 1 	 4 	 1 	 3 	 0.000265
801 	 2 	 2 	 4 	 1 	 2 	 1 	 1 	 4 	 3 	 0.000265
883 	 2 	 2 	 4 	 2 	 2 	 4 	 4 	 4 	 0 	 0.000255
610 	 2 	 1 	 3 	 2 	 2 	 4 	 4 	 3 	 1 	 -0.000207
398 	 1 	 2 	 3 	 2 	 2 	 4 	 3 	 4 	 1 	 -0.000207
96 	 0 	 2 	 2 	 2 	 2 	 4 	 2 	 4 	 2 	 0.000205
449 	 2 	 0 	 2 	 2 	 2 	 4 	 4 	 2 	 2 	 0.000205
370 	 1 	 2 	 3 	 2 	 1 	 3 	 3 	 3 	 4 	 -0.000151
560 	 2 	 1 	 3 	 1 	 2 	 3 	 3 	 3 	 4 	 -0.000151
844 	 2 	 2 	 4 	 2 	 1 	 3 	 4 	 3 	 1 	 -0.000141
817 	 2 	 2 	 4 	 1 	 2 	 3 	 3 	 4 	 1 	 -0.000141
885 	 2 	 2 	 4 	 2 	 2 	 4 	 4 	 4 	 4 	 0.000132
884 	 2 	 2 	 4 	 2 	 2 	 4 	 4 	 4 	 2 	 0.000093
824 	 2 	 2 	 4 	 2 	 0 	 2 	 4 	 2 	 2 	 0.000068
783 	 2 	 2 	 4 	 0 	 2 	 2 	 2 	 4 	 2 	 0.000068
399 	 1 	 2 	 3 	 2 	 2 	 4 	 3 	 4 	 3 	 0.000044
611 	 2 	 1 	 3 	 2 	 2 	 4 	 4 	 3 	 3 	 0.000044
845 	 2 	 2 	 4 	 2 	 1 	 3 	 4 	 3 	 3 	 0.000030
818 	 2 	 2 	 4 	 1 	 2 	 3 	 3 	 4 	 3 	 0.000030
